           2     1.36755     1.36277  0.00275179
       1.925     1.49371     1.46847  0.00281877
        1.85     1.59632     1.58925  0.00326261
       1.775     1.76789     1.73378  0.00340561
         1.7     1.87767     1.90856  0.00371261
       1.625     2.12983     2.10255  0.00520591
        1.55     2.36951      2.3433  0.00683457
       1.475     2.57283     2.61922  0.00744884
         1.4     2.99487     3.00193  0.00776078
       1.325     3.50384     3.42276  0.00942908
        1.25     3.94835     3.95795  0.00989255
       1.175     4.79058     4.66402   0.0175318
         1.1     5.55769     5.59623   0.0175634
       1.025     6.82798     6.86484   0.0284563
        0.95     8.84988     8.62956    0.035208
       0.875     11.2389     11.2978    0.056808
         0.8     14.6629     15.0815    0.100724
       0.725     22.1294     21.8779    0.117515
        0.65     32.9464     32.9229    0.255659
       0.575     50.4677     51.7981    0.424364
         0.5     77.5987     78.7316    0.420101
