           2    0.197735    0.196654 0.000202458
       1.925    0.208875     0.20849 0.000174899
        1.85    0.220797    0.221279 0.000318035
       1.775    0.234723    0.234766 0.000262751
         1.7    0.250031    0.248941 0.000265547
       1.625    0.264327    0.265185 0.000288437
        1.55    0.281748    0.282006 0.000240384
       1.475    0.299752    0.300425 0.000434277
         1.4    0.321155    0.318874 0.000349504
       1.325    0.337207    0.337605 0.000407853
        1.25    0.355363    0.358391 0.000565532
       1.175     0.37389    0.377081 0.000510793
         1.1    0.397322    0.397464 0.000600024
       1.025    0.420304    0.414273 0.000778615
        0.95    0.433172    0.429106 0.000958786
       0.875    0.435358    0.437136  0.00119073
         0.8    0.449717    0.441944   0.0010026
       0.725    0.444516    0.440131  0.00137439
        0.65    0.433503    0.430615  0.00202815
       0.575    0.420489     0.41643  0.00148877
         0.5    0.344274    0.327021  0.00328206
