           2   -0.463682   -0.462185 0.000102535
       1.925   -0.476386   -0.477344 0.000142009
        1.85   -0.493094   -0.493434 9.77093e-05
       1.775   -0.511366   -0.510519  0.00011784
         1.7   -0.527789   -0.528758 0.000130522
       1.625   -0.548232   -0.548034 0.000125971
        1.55   -0.568934   -0.568456  0.00014015
       1.475   -0.590394   -0.590054  0.00016966
         1.4   -0.614206   -0.613356 0.000169349
       1.325   -0.637907   -0.638078 0.000146112
        1.25   -0.664204   -0.664171 0.000169219
       1.175   -0.691882   -0.691223 0.000131001
         1.1   -0.719876   -0.720601 0.000169013
       1.025   -0.751377   -0.750984 0.000256662
        0.95   -0.783056   -0.782789 0.000207739
       0.875   -0.814813   -0.815501 0.000244493
         0.8   -0.847834   -0.848103 0.000257835
       0.725   -0.879998   -0.881493  0.00025044
        0.65   -0.913821   -0.913946 0.000405908
       0.575   -0.944989   -0.945908 0.000475096
         0.5   -0.972818     -0.9737 0.000375042
