           2     1.35935     1.35843  0.00165921
       1.925     1.47597     1.47043  0.00254741
        1.85     1.59182     1.59059  0.00313041
       1.775      1.7359     1.73921  0.00257111
         1.7     1.89235     1.90324  0.00276758
       1.625     2.08428     2.10297  0.00383983
        1.55     2.35118     2.34925  0.00473083
       1.475     2.57039     2.62346  0.00550112
         1.4     2.97784     2.97702  0.00641741
       1.325     3.41971     3.40354   0.0084194
        1.25     3.86606      3.9539   0.0105584
       1.175     4.59392     4.68196   0.0145775
         1.1     5.55607     5.59063   0.0140581
       1.025     7.00372     6.89463    0.032574
        0.95     8.66282     8.62964   0.0334563
       0.875     11.4691     11.2539   0.0557534
         0.8     15.6146      15.241   0.0793308
       0.725     21.9877     21.9323    0.120109
        0.65     33.4529     32.8795    0.151314
       0.575     52.0184     51.5086    0.205508
         0.5     76.1561     79.0536    0.393811
