           2    0.196886     0.19633 0.000225483
       1.925    0.209144    0.207931 0.000275564
        1.85    0.221715    0.221113 0.000304528
       1.775    0.234171    0.235099 0.000295985
         1.7    0.249126    0.249483 0.000298944
       1.625    0.267241    0.265048 0.000398221
        1.55    0.281687    0.282333 0.000406452
       1.475    0.301622    0.299318 0.000342926
         1.4    0.314243    0.318725 0.000515124
       1.325    0.341681    0.337978  0.00058411
        1.25    0.358958     0.35764 0.000451457
       1.175    0.381031    0.378432 0.000479818
         1.1     0.39928    0.396958 0.000657303
       1.025    0.409999    0.414128 0.000707515
        0.95    0.429882    0.428237 0.000785872
       0.875    0.440628     0.43816 0.000755688
         0.8    0.430986    0.438933  0.00158262
       0.725    0.443778    0.435729  0.00183269
        0.65    0.428788    0.431975  0.00195179
       0.575    0.401713    0.415343  0.00233076
         0.5    0.342694    0.335788  0.00343909
