           2   -0.461893   -0.462011  8.0931e-05
       1.925   -0.477808   -0.477577 0.000133252
        1.85   -0.492791   -0.493422 0.000102637
       1.775   -0.510929   -0.510424 0.000140767
         1.7    -0.52793   -0.528402 0.000139963
       1.625   -0.547425   -0.548081 0.000167848
        1.55   -0.568409   -0.568484 0.000139518
       1.475   -0.589153   -0.590189 0.000158723
         1.4   -0.613174   -0.613189 0.000190147
       1.325   -0.637894   -0.637903 0.000137102
        1.25   -0.664014   -0.663938 0.000139783
       1.175   -0.691844   -0.691749  0.00012902
         1.1   -0.720174   -0.720298 0.000164589
       1.025   -0.751107   -0.751246 0.000170433
        0.95   -0.781743   -0.782807 0.000176949
       0.875   -0.816162   -0.815673 0.000219594
         0.8   -0.849642   -0.848387 0.000219985
       0.725   -0.880218   -0.881658 0.000274981
        0.65   -0.915153   -0.913938  0.00024061
       0.575   -0.946702   -0.945545 0.000266758
         0.5   -0.971514   -0.974189 0.000406795
