           2   0.0260912   0.0276498 0.000406947
       1.925   0.0277772   0.0294677 0.000404862
        1.85   0.0304736   0.0313078 0.000303923
       1.775   0.0368084   0.0345656 0.000383442
         1.7    0.037732   0.0389176 0.000467685
       1.625    0.041596   0.0421892 0.000636758
        1.55   0.0422572   0.0477656  0.00070203
       1.475   0.0547008   0.0528356 0.000685745
         1.4   0.0609424   0.0594817 0.000709536
       1.325   0.0640856   0.0686669 0.000758428
        1.25    0.079546   0.0780912 0.000819577
       1.175    0.092678   0.0939294  0.00114905
         1.1     0.11835    0.110449  0.00102393
       1.025    0.129314    0.135146  0.00161304
        0.95    0.174794    0.171863  0.00154256
       0.875    0.228468    0.219042   0.0021868
         0.8    0.313985    0.295173  0.00233844
       0.725    0.396498    0.390253  0.00396222
        0.65    0.549852    0.550307   0.0058057
       0.575    0.737209    0.730802  0.00569202
         0.5    0.844604    0.882243  0.00562171
