           2   0.0268396    0.026491 0.000460684
       1.925   0.0320276   0.0299245 0.000321731
        1.85    0.034684   0.0328031 0.000458678
       1.775   0.0378484   0.0343156 0.000623136
         1.7   0.0373996   0.0370182  0.00060263
       1.625    0.039324   0.0415153 0.000491129
        1.55   0.0497808   0.0463212 0.000767906
       1.475   0.0543356   0.0520491 0.000944283
         1.4   0.0598956    0.058835 0.000678468
       1.325   0.0650824   0.0680853   0.0010987
        1.25   0.0813952   0.0788598   0.0011378
       1.175   0.0983048    0.092937     0.00107
         1.1    0.109661    0.111058  0.00224122
       1.025    0.135012    0.137183  0.00219903
        0.95    0.170719    0.169533   0.0024006
       0.875    0.204853    0.217822  0.00278055
         0.8     0.30859    0.285195  0.00423961
       0.725    0.426524    0.396335  0.00543308
        0.65    0.555113    0.552914  0.00545433
       0.575    0.716861    0.734324  0.00804731
         0.5    0.887522     0.88396   0.0066383
