69.1924
102.617
92.4868
109.471
132.468
108.023
89.9294
98.7206
100.921
101.455
85.8564
97.1162
105.466
129.667
81.4146
101.094
97.5416
93.1622
79.2582
124.477
118.265
84.6428
105.444
95.5836
84.576
112.828
81.6302
89.5124
88.4352
123.746
96.426
95.8134
94.7262
81.663
112.908
71.708
86.3938
108.661
109.787
102.859
79.7744
102.87
108.346
91.6838
89.9908
102.137
98.0856
102.518
76.9444
94.8646
96.1432
93.7654
99.3038
88.9156
101.368
123.228
72.41
126.308
105.164
129.485
88.9962
90.9116
92.881
93.3118
94.1252
110.734
103.631
112.087
99.8758
88.5318
116.079
125.121
127.479
101.136
71.727
116.355
75.5864
114.561
101.844
116.998
118.629
102.42
90.376
116.947
85.976
118.844
91.363
108.631
79.7318
130.056
118.413
93.6046
99.304
81.6822
91.162
97.8926
99.0294
96.7724
102.997
94.9384
