-0.402611
0.61795
-1.39386
-9.64104
0.110952
-0.426009
-2.40103
1.0445
0.821728
0.436553
8.59202
-0.277061
-1.86156
2.53652
-1.49286
-0.0180533
0.362672
3.93845
1.18825
0.55625
-1.3241
0.477795
0.659402
-1.57207
0.707212
1.86869
-0.494957
2.65666
-1.04169
-0.638049
-0.353279
-0.242781
5.51888
0.090158
-0.577518
-5.93931
-4.9464
-2.92249
16.8638
-0.963688
-0.14266
9.44606
-3.3897
0.130153
-0.0441637
0.147196
-3.14017
0.377321
-1.44359
-0.246893
-0.482859
1.57246
0.209945
6.77446
-0.33394
-0.422958
1.64606
-1.77612
-0.589329
-5.95773
0.0569152
0.166912
0.268143
-2.37129
1.41546
-0.396531
-0.955902
-0.266654
0.713134
1.01086
0.553602
-0.0297262
-0.207873
-2.314
47.0636
-0.362289
1.58186
35.2945
-3.22094
0.0632195
-0.914589
4.44222
-55.1011
-1.85387
-0.799761
0.917997
-0.36949
-0.744189
-0.438198
-0.192624
-0.160245
0.418192
3.19782
-1.79064
0.593985
-0.127784
-0.73365
-0.348904
-0.0376333
-0.897294
0.586907
-23.5645
-0.346885
0.971026
-0.456839
0.260298
2.16958
-0.914754
-0.908037
-18.0845
2.04498
-1.07961
0.708761
-0.743857
2.00505
-7.41785
5.41907
-14.0208
-0.190023
-1.70949
-2.88263
-1.53244
-1.06568
-0.461492
-2.97281
1.38043
1.05367
0.462924
-2.64214
3.16556
0.501595
0.548543
-0.000618475
-2.23765
0.206347
0.41487
1.03029
-0.256538
0.862135
-0.787496
-0.97838
-0.190975
-0.565371
-4.46848
0.824969
-2.86542
-9.73814
0.686594
-2.60305
0.961744
0.61241
0.636946
-0.82196
-4.14067
-1.56184
-0.364789
-0.566561
-0.646664
-0.586272
-0.292264
-149.614
-0.208959
1.99412
2.74925
-0.836187
0.944296
0.19401
-0.788547
0.911991
-0.798856
0.24102
-0.336154
0.262765
0.0627714
1.1759
-0.102045
0.475285
-0.380421
2.28054
-0.834983
112.702
0.741346
60.0298
6.73663
-9.17932
-0.245712
-0.998518
2.12037
-0.638189
-1.36294
-0.075798
0.0755394
0.97108
2.1467
4.67371
-2.25856
1.79318
0.719463
-4.06114
2.29283
-0.413234
-2.20465
0.247263
-0.283635
0.304376
-1.76482
-0.359769
1.95779
-0.566026
5.05789
-0.360872
2.24499
-0.400242
-5.75029
-0.00375385
-1.51527
2.40761
-19.5221
-5.87052
-1.49916
3.16987
-0.82071
-0.661781
0.516885
-0.251991
0.675386
0.00599102
-0.266403
1.73605
8.82741
2.55541
-2.80318
0.124334
3.54536
-0.397987
-1.61277
0.0404594
2.46622
1.27873
-0.436538
0.0344121
-0.545231
-1.51369
-1.85511
-4.77423
-0.767328
2.0368
-169.623
-1.76235
-0.500332
0.152045
1.8061
-0.513142
0.643482
0.491352
0.977886
4.1058
-0.0713331
1.89964
3.16842
0.801704
-0.142755
-6.94719
-1.73659
-0.918924
-3.48334
-0.0138884
1.10668
3.89477
-0.0778892
-3.13523
0.403922
0.956191
0.136058
0.310417
-5.06613
0.587298
0.936923
0.438519
-0.0320934
0.446593
-0.987956
-0.53381
0.768812
-0.919994
-7.48977
1.41332
1.99745
1.08506
-0.355282
0.546889
-0.0321606
0.32771
3.9941
0.439926
0.442805
0.52268
-3.14626
1.19473
1.11703
-0.377767
0.168915
1.35637
-0.69999
-0.775009
-2.715
-1.10415
-3.34804
1.41371
0.193845
0.304894
5.05586
3.73713
2.0277
0.315966
-5.71608
-1.68371
24.6069
0.841633
-0.477302
-2.15786
2.72143
0.374758
0.969129
-6.48316
1.71418
1.87008
0.948401
-0.690833
0.489791
14.2975
0.433635
-1.04791
0.798629
-0.90968
1.53418
0.622307
-2.66807
2.00693
0.230745
0.660028
-0.911488
7.6551
-0.904909
-2.77053
71.2566
-0.0417846
-23.6813
0.958276
2.11723
-1.28648
0.709955
-0.800478
0.106043
1.08699
-1.99638
0.860468
-0.958873
0.453333
1.14509
-0.917559
3.19739
-0.367841
-3.63355
0.0559322
0.174406
-9.40125
1.35526
-5.9659
0.395452
0.119746
0.586336
-2.46579
0.856916
0.353025
-1.93953
-0.483738
11.1932
-0.85417
0.611631
0.611977
0.775316
-0.19321
-0.0431818
-3.22579
7.17933
1.22122
0.538211
14.4693
1.13921
1.24826
0.490912
-0.102478
0.300865
0.240997
0.461466
-558.64
-0.302319
1.07451
0.442683
-0.625905
1.95696
-1.03845
-1.03033
3.42157
0.773518
-0.883537
1.99295
-0.157901
0.64177
7.74987
0.923261
-1.34173
0.134877
0.48561
-2.45549
-29.1993
4.29071
-7.45094
0.32069
-0.759157
-0.48551
-0.238065
0.850194
1.10776
5.22403
-1.39902
-2.41791
-0.101277
1.79329
3.38886
2.50649
-6.25113
6.02122
0.562734
0.102265
0.387811
3.4001
0.521916
0.83211
-0.103983
-1.88218
0.0142238
0.868808
-0.798899
1.58957
-10.485
1.50857
-1.49106
0.259848
0.0945303
2.36312
0.592216
-0.652182
-7.97941
1.36101
-0.240019
0.0649586
3.24682
-0.507701
-5.76374
3.60934
-2.33355
0.521534
-2.05836
-0.359241
-0.221793
0.402659
1.2489
-0.0519077
0.155559
-0.253467
-0.263274
-0.113388
0.572231
1.30681
-0.286557
-1.12864
2.96083
-5.67414
5.31966
1.08001
0.282028
-0.061586
2.51568
-1.42161
3.57258
-0.87971
-1.73451
30.1242
-0.594681
1.24534
1.15874
-1.28276
-0.435472
7.09812
-0.728786
-11.7578
0.572647
1.19653
0.00927458
-2.76309
2.76222
1.70734
4.19434
-26.0968
-0.353619
-5.41382
-4.00188
0.719292
8.65136
0.198637
-0.148238
0.0294605
0.00540321
-0.416999
0.421305
0.767541
-6.23299
0.117015
0.905767
0.663054
-1.83978
-0.565521
-1.56008
0.295816
0.646567
5.83318
-1.1243
1.02843
1.95069
0.235914
-0.315138
0.134202
1.1176
0.512226
4.05169
-1.25499
1.59348
0.213609
3.24573
0.599561
3.81257
0.450687
1.10615
0.588284
4.0585
0.412037
0.369726
0.623834
0.164942
0.205145
15.7065
-2.30838
-0.740343
-1.42521
-1.39637
0.927486
1.0024
-1.81193
0.58948
1.60434
-8.48823
1.81585
-7.77013
0.600371
-0.253424
0.705014
-0.399746
0.166024
2.11341
1.17573
-0.329468
0.52982
-1.72696
13.0409
-8.25935
0.491612
-2.4816
3.37973
-0.027593
12.9275
-0.160138
0.54323
-0.0878056
-0.350129
-2.70641
0.960147
-4.64781
-0.188878
-2.63053
0.613324
-2.26948
1.16533
-0.291978
-0.182668
0.636085
-2.89429
-1.65585
2.87847
-7.25338
-17.0318
-0.548528
0.431767
-0.441292
-138.475
1.36185
6.54624
-3.85465
-0.833443
-3.87209
-0.634614
0.868612
-0.0693438
-57.6372
-0.218377
0.440223
-0.479636
1.11819
0.132506
-0.0804767
0.493779
-2.34102
-1.25194
-0.0912366
-18.1767
-1.89412
2.44082
-0.0810077
-1.03292
-0.562585
11.8202
-1.21507
5.11066
1.21706
-1.31952
19.9793
10.5342
1.06027
-0.726139
-1.7756
2.14965
-0.253819
-0.00529287
-0.493878
-13.1786
-0.0868309
8.89791
-0.365198
2.11916
0.465415
-0.400112
1.40903
-0.920788
0.32956
-1.31881
-1.45883
-10.4331
0.684771
0.626258
-7.15953
2.38051
-3.85929
1.91513
0.170464
-1.59949
0.804005
4.33242
-0.0171136
-12.3845
-1.05802
-0.829184
-3.22308
-0.814028
-1.69804
-4.01385
0.406646
-0.383048
-0.670528
-1.78985
-0.471034
0.770293
1.56951
-0.338567
0.158927
0.860841
-1.62833
1.21798
0.137011
-1.38461
-1.17334
0.561225
-0.129734
-0.962697
-0.985923
0.685724
2.09645
0.899082
0.38614
-0.531691
0.255715
-0.269204
-0.848988
-0.889881
0.265821
-0.687711
-0.485505
-0.133756
0.192832
-1.118
2.44816
-0.691812
0.181103
0.313996
0.785809
-0.815892
2.49859
-0.650924
-0.332317
0.805662
-0.362304
-0.784722
0.473062
14.2641
0.365307
0.949082
-1.74298
0.839095
6.02568
0.743651
-0.298905
-0.0330788
-0.464901
42.2372
0.144036
1.43626
1.97263
47.7863
-0.155707
2.86249
-0.265082
-2.1991
0.161718
1.44033
0.364574
2.64883
0.737739
0.114883
-0.591913
-1.06441
0.0350813
-0.612224
1.85353
0.140623
0.899146
14.7344
53.2363
2.43467
-0.511939
0.566638
0.0130252
0.496954
0.156175
1.40101
-5.29534
-0.76701
-0.327441
-3.78624
0.156889
-1.16216
0.450957
3.23447
-17.86
0.128164
-0.487602
-2.21747
0.0785943
-0.840724
4.01727
1.40755
0.612509
-0.104874
6.48371
-0.745173
0.634525
-0.213947
1.13056
4.12717
2.3436
-14.9836
-0.98023
3.70346
9.18406
-0.647304
0.867077
0.414806
-0.75094
2.51047
-3.68339
2.25521
4.29714
-0.303023
3.39297
-31.9764
-43.349
1.15238
-33.394
11.0166
5.80476
-0.416006
-3.14416
-0.840226
3.9195
-0.622211
0.186349
-0.0962694
0.0920756
-53.4065
-0.355494
-0.0164255
2.03091
-0.0487566
3.82815
-0.282173
-0.205464
1.25915
-2.6666
-0.914513
-7.08938
5.92674
-1.50596
2.86737
-0.840015
-0.967822
-8.78574
1.17041
3874.96
-7.16449
-0.139166
0.108704
8.81296
-2.75263
-0.0529013
-1.59272
-0.125954
1.88252
-0.00289865
0.206736
1.66484
3.26275
1.97401
-2.40607
2.26763
-1.9162
0.356145
-1.58621
0.390949
6.03526
-1.19482
0.42698
-1.05783
-1.71255
-0.817945
0.619634
0.558423
1.05913
-0.622429
-1.52392
0.403186
-0.0973238
1.92616
-2.75053
-0.208409
-4.11808
2.51113
-0.746553
-0.413877
2.72868
2.95256
2.0094
0.179872
97.7313
0.268235
-1.75627
0.0690717
0.46353
-0.326298
0.271312
1.19109
-0.315714
-0.551325
-0.212242
-13.6806
1.51844
1.36388
1.26364
3.23616
-1.02752
-1.11328
-0.564459
-0.13952
-3.67795
45.396
1.19952
1.58231
0.805617
0.948778
0.344501
2.60618
160.27
-1.64672
1.14627
0.978438
0.460633
-2.6058
1.9852
2.49599
4.2174
0.888334
-0.794473
0.801998
0.882118
0.184558
14.0267
0.449267
-2.39752
-3.35813
0.195294
2.1212
0.298846
1.82155
-0.158403
2.55705
2.55072
-0.912568
-0.604358
0.196727
-0.253342
-0.431893
7.09647
4.99738
-9.78312
-2.75252
-0.0379181
1.0539
0.244624
-0.661432
-2.7417
0.387284
0.115963
3.99145
2.40267
1.19258
-2.14518
-0.401264
-0.0401224
10.2256
5.25876
0.871142
-0.912986
7.01882
0.219644
-2.64557
-1.35927
1.52937
1.8368
9.50017
-0.431361
9.35042
-0.0209031
-1.48906
1.59119
10.1098
0.150457
0.346534
-0.306016
-0.563875
-0.0387468
7.13741
-1.63153
0.3256
-1.4485
0.476039
-1.31307
2.65126
0.00853917
3.38755
-8.95478
1.11658
0.265494
14.8736
0.692193
-59.5628
-0.676812
-6.53493
-0.405837
-0.500978
21.5651
-1.752
0.54838
0.410578
205.588
-2.9139
-2.22636
1.24437
5.13372
-1.90962
0.385052
-0.203213
-2.191
0.529123
-19.7927
1.7232
32.3351
-0.524393
-0.176702
0.258381
1.19599
0.486125
-12.1415
-0.125003
-33.2873
0.0892201
-1.16989
-0.713575
4.30091
0.361879
1.86287
-0.740801
-0.242922
14.235
0.278867
-0.519873
-0.000587297
9.52085
-1.60892
0.355697
-0.549058
-10.7715
-0.715934
1.61068
-1.61023
-2.77664
0.356432
1.65381
-3.60245
0.613315
1.17281
-2.8837
1.43164
1.76397
-0.981838
0.549077
-1.26787
-0.353883
-0.640958
14.1437
-1.05009
0.14826
1.84507
0.341795
-0.250416
-0.611996
2.634
0.436143
0.616736
-3.4601
0.16144
-0.860777
-0.818661
-1.46647
-4.40542
-0.164269
0.275072
0.692742
-40.2028
-0.469182
2.65185
1.43071
1.84761
0.00789777
-0.0225598
-0.177642
0.0804548
-0.725763
2.50845
-7.62217
-0.162555
0.449572
0.573257
-37.2219
0.341491
0.786472
-0.112469
-2.06123
0.077236
0.460147
1.57744
2.61116
-1.25348
0.19074
-2.95641
2.57485
-0.986979
0.304459
0.846309
-0.422831
-1.02903
0.447075
0.933375
1.15614
2.09529
0.874441
-0.396529
0.620897
2.27369
-0.233773
-0.669791
0.985421
-0.0120407
-0.930119
-1.3709
-15.9493
-0.79593
1.13352
-0.564663
-5.41806
1.43827
0.755022
-1.18093
0.186487
0.289648
0.653081
-2.29139
7.55728
-2.38327
1.34428
-8.86311
13.4837
-6.09
1.66609
-1.92587
0.979676
-0.248473
1.4618
0.291839
-2.61864
-0.792001
0.447639
0.344046
-2.36105
0.250074
-0.282872
0.260741
1.21993
-1.22946
1.16396
-1.31646
0.0483067
0.49426
-0.378898
-0.188282
3.80637
0.952241
4.88358
0.330337
3.50764
-2.86306
0.118993
-0.397947
1.24587
-0.344672
-5.41801
-0.00925666
-0.870381
-11.3724
-277.325
-1.78586
-0.228898
-2.82582
-1.97048
-3.91394
3.32272
-0.615035
0.557328
0.140287
1.4575
-0.0553484
0.30677
0.832578
-0.394378
-5.64921
22.879
-0.199027
-1.07712
0.424739
-0.120478
-0.483773
0.381703
2.16927
0.800916
25.9483
-0.11484
1.78367
0.869575
-1.11375
-0.0964231
-0.899963
27.6136
1.0887
0.55883
2.73343
0.223238
11.9664
2.83904
0.329173
-0.564908
-1.10592
3.32269
1.48884
3.20308
-3.02474
38.3843
1.60648
0.571801
0.40529
-1.11737
-0.281934
-1.36878
-0.796503
1.19441
-0.367566
2.54331
-4.818
-0.580054
0.838677
-0.824599
0.462268
-1.41053
0.881404
-3.22333
1.27108
-2.28543
2.80349
-1.04674
-0.344199
-1.91879
0.619658
0.048096
0.927106
18.6198
1.35975
-1144.89
-0.958216
0.62641
-0.391086
-13.6787
1.07631
-2.96767
2.14312
8.8066
0.101742
-3.05155
-16.8891
-0.952813
-19.9126
10.1682
-1.72141
-0.511226
-7.0465
-1.69738
0.33385
0.0886309
1.78073
2.60738
-2.17521
-0.738656
0.0842204
-0.270232
1.74561
-0.687957
1.05136
0.682283
-0.216069
0.113785
2.95786
0.921153
2.53694
-1.12142
1.16415
0.634684
1.34458
0.574144
-0.148272
-1.84822
-0.351428
0.0827124
-0.69983
-2.02852
2.79075
-0.692588
0.280859
-6.54896
6.87222
0.446678
0.269398
1.03571
-12.6567
-0.611492
-3.1918
0.592555
-0.216707
-0.311753
-0.282869
3.62787
7.60005
-2.16921
0.53071
2.362
-0.167522
0.65043
-0.282708
0.468639
0.43236
0.741294
-0.548291
15.2281
-0.498427
-0.373368
6.98093
-2.77078
1.922
-1.27817
-0.155671
-0.0666903
0.848498
-1.4768
-19.0726
-21.5025
0.0615197
0.759707
-3.19797
18.0872
-0.311652
2.87461
-1.67792
-3.53184
-6.2333
4.30196
-1.15756
-3.21215
0.488755
-1.76391
1.62628
1.54466
8.03148
-0.0592723
3.00122
-0.523029
1.39637
2.81789
0.573863
-1.44086
0.702108
-1.94349
0.454586
-3.09648
-0.312893
0.778764
-4.45531
0.273674
3.53793
0.285455
1.10451
0.0739599
-1.29325
-0.442741
4.1659
-0.517245
-0.680855
5.64411
0.00134236
-3.59808
-2.38156
0.153607
3486.94
0.32732
-1.025
-3.41606
-0.0761613
1.39192
-0.00919107
0.183974
0.268187
1.04674
-4.32345
37.7449
-1.17736
0.0205565
-0.28622
1.23616
0.455815
2.12548
-1.92351
0.0240764
1.69914
1.43838
-1.14537
-0.803081
-1.51155
0.0831549
-3.91918
-0.123038
0.777246
-29.0037
-0.0462942
-15.6538
-3.19112
-0.285739
0.136195
-2.296
-4.7516
-0.458205
1.29
-1.02808
0.661874
-0.0597839
0.742442
0.0454996
-1.86907
-1.55627
-1.74635
-0.250771
7.42573
-3.01386
0.987116
0.572307
-480.593
-2.20584
0.320988
0.384151
-0.251716
12.6493
0.271253
-1.36269
0.29103
1.4667
-0.7407
1.52247
0.520858
-0.87857
-0.641872
0.643201
-6.23888
7.27583
-0.648807
1.50626
1.49399
14.1093
-0.644604
8.06185
0.0495454
-0.395602
1.97725
-0.170513
-0.30391
-0.235829
-1.09743
1.94383
0.846562
-0.916583
0.00736435
1.09333
0.0655139
-1.14455
-0.373346
-0.14188
0.114377
4.94109
-0.465518
-0.0430927
0.635158
-0.151546
-0.59153
-0.233911
0.784251
0.16894
0.425226
0.151757
-0.6441
1.00106
-0.342303
10.175
-0.634495
14.7801
2.5493
2.71785
0.483046
-0.424922
-1.19162
-1585.23
-1.3917
-0.904367
2.88749
0.979799
-0.342237
0.0125427
-1.77699
-3.41291
1.19635
0.209423
-2.20297
0.706865
0.471375
-1.1974
0.253195
3.87786
-0.00631048
-14.1223
1.11462
-0.451364
-0.441298
-0.0500039
0.862551
3.55724
1.58946
-0.795298
-5.66069
-0.276653
-1.79557
-5.33738
494.27
-0.201261
0.489941
0.388577
0.621638
0.579946
0.771623
-9.50424
1.43739
-0.0997225
0.185577
-0.961937
-0.447013
0.0843214
-0.706353
0.548946
-0.586616
-83.322
-6.45589
0.690524
1.32206
1.25302
2.10861
0.604777
1.36871
0.463677
-0.664449
1.52236
-0.275951
1.20609
-1.27155
4.42069
0.835896
0.810754
1.73432
-0.0310802
-0.614847
-0.16244
0.984309
-1.09973
1.8186
-1.00166
-0.64902
-4.0107
3.58047
-0.633891
-0.0160912
0.238684
-1.29338
-0.40211
13.7411
0.406585
-0.993267
0.653252
14.5354
0.267506
222.253
0.314346
-0.166785
-27.2311
1.24048
-0.730555
-2.74973
-4.08526
-1.80361
-1.88056
2.29917
-0.99979
5.62979
1.88536
-0.286225
0.821273
-1.84687
-2.8632
2.68946
-1.38718
1.15169
-8.95546
0.781825
-0.0125148
-0.483666
-0.669179
-0.300045
0.289934
0.254972
1.48563
-0.360974
0.162824
0.445232
-0.395664
-5.72919
6.32514
-13.6395
-0.531691
4.65058
-1.82058
-10.6616
28.296
-1.07917
-1.60966
1.28454
0.847055
-0.510177
-2.31496
-3.66462
-0.592296
0.709401
4.75978
-0.774425
-2.23927
0.457536
1.06059
0.580672
0.0257701
-0.848647
1.20096
-0.075884
-3.45895
-5.31285
0.399539
1.20081
0.506892
-0.0657746
21.2661
8.06032
2.21025
0.265372
3.24256
2.35337
-1.51983
-2.90798
-0.371683
-1.2305
0.417896
-1.17791
1.62562
1.02506
-0.585799
15.0682
-0.975448
0.245133
21.4262
0.0916382
0.604896
-3.3358
-2.68894
-0.375529
-1.45054
-1.39869
0.642947
0.763971
0.0396871
5.46855
-0.103835
-0.280995
-0.444479
-10.8198
4.51007
-0.966778
-1.48677
0.0907773
3.34778
2.51059
9.90034
-3.51108
0.308009
-2.98906
-0.374812
1.44872
-6.05481
31.0781
1.0283
-2.75952
1.36977
-0.0158014
1.15996
-26.3115
2.51952
-1.22188
1.08737
1.48707
1.75286
3.06484
4.54451
0.148629
-12.9549
-1.02475
1.54198
0.311737
-0.723298
-0.860657
0.789284
-1.68743
0.400877
-12.6685
-0.595952
0.378638
-0.817918
39.908
11.8172
-0.266391
-0.923495
-1.1159
-3.51885
0.139439
-3.95599
0.48923
-1.76317
0.626847
-0.0861017
0.022415
-1.50765
-0.361828
-0.0156776
1.09044
-1.30487
-1.0839
1.12454
3.90636
-4.92364
24.6346
-24.3819
-0.672294
-0.929462
3.09535
2.00282
-2.10228
1.03549
0.526855
-0.626704
-0.00891968
0.0233494
0.404643
1.09552
0.6906
2.05984
0.715573
0.315206
-2.26003
5.50276
0.885689
4.30974
0.207913
-0.147175
-1.99858
0.712729
-0.523779
-0.818658
-70.307
4.29866
-0.776255
-0.545041
-1.3164
239.467
305.763
0.145689
4.57312
0.304345
-0.760503
-1.57343
-0.178218
24.8864
0.387322
0.696713
47.1088
-0.0327854
-4.0676
8.09682
1.02945
3.05417
-4.03235
0.788433
1.21331
-0.971052
-0.422734
-2.94871
0.102345
0.87178
0.317059
-31.946
-2.25354
-0.214601
47.9145
1.89794
-0.491913
0.822961
3.46952
0.444763
-0.602082
-0.47224
0.332258
-1.79769
1.26138
-2.75316
0.611383
2.48854
0.359993
-0.00609193
-4.85104
-0.256936
0.503158
-0.610226
-0.440071
-1.57012
-4.8355
-1.43135
-0.253363
-1.5169
-0.993893
-4.94065
34.5867
1.60784
9.05634
-1.03827
1.69509
-1.87051
0.907332
1.66454
5.00215
8.52597
-0.633206
2.70063
-3.21482
-4.14445
0.62859
-0.802963
-0.425885
0.957546
-0.452735
2.40903
0.202772
0.473368
0.495271
0.190802
-0.506821
1.83933
-1.66706
-2.60535
-0.65333
4.11748
-1.01848
-4.09277
1.16014
0.766596
-0.0370266
-4.65811
0.500258
0.376549
0.560652
2.02026
-8.23777
6.18522
-1.43017
-0.0310452
1.51281
0.0500231
-0.386515
-0.588572
27.1032
1.74394
0.265514
0.0747571
12.1615
-1.87232
-2.34039
0.7306
-0.328793
0.985326
1.77365
-4.16224
-2.18004
-2.84953
0.406022
0.0651864
2.01664
0.107765
0.949664
-0.0793194
0.896668
0.574469
9.65709
3.43536
-0.393934
-1.71767
0.948248
-5.49776
-1.66825
3.39796
5.95359
-6.79618
0.749593
4.38568
8.8511
2.15361
-0.123653
1.589
0.195443
2.04764
-0.444889
-0.453587
1.42899
-109.922
0.179768
-1.60921
0.0148488
1.28167
-0.656568
0.766823
-7.27437
-0.24934
0.799751
-1.80127
-1.51375
-0.242639
2.04458
-2.28311
-0.78354
0.730406
0.267061
-0.571087
-1.68545
-1.1827
-5.00686
-1.10088
1.9186
-0.293693
-1.09522
-0.0928337
0.581588
-0.951362
4.15506
0.0387961
1.16524
-5.06023
0.804049
-9.70051
2.06329
5.38504
0.224407
-1.67556
-8.55168
-1.75831
12.2809
0.397414
-0.13311
2.91015
17.7119
0.499092
-0.770157
-5.93023
-0.552852
0.202387
-28.8082
5.08569
0.177941
-0.222608
1.27729
-0.822363
1.85352
-8.59504
1.29368
3.48797
1.19887
-0.344585
-0.353312
-2.14545
2.06396
0.150686
-1.09929
0.0305131
-2.09932
0.871043
0.189998
0.225475
0.188115
-0.140141
-2.74282
0.577603
-1.4352
1.09502
0.00668939
-1.27091
0.985167
-0.728086
-0.185687
-2.56321
-0.488485
0.112326
-0.0991942
0.239053
-0.140358
-2.30216
-0.145571
1.00551
1.13901
0.774668
-0.553331
-0.0382437
0.802931
1.32163
-0.017562
-4.24722
-4.01499
0.794546
-0.589817
1.75488
0.363065
-1.85853
5.77988
0.913313
0.0117105
-0.706877
0.762355
-0.571923
0.0833072
0.466282
0.997149
-0.39215
-1.74507
0.406402
3.53773
0.539226
-1.55728
-3.92929
-2.57267
-0.571946
2.19295
2.01899
-0.080567
0.0793612
0.598336
15.3812
-0.21376
0.367577
-105.137
72.7645
-0.13483
0.292633
-0.748952
-0.196912
-1.29556
0.226206
0.181907
14.5751
-9.67555
2.48285
-0.131751
0.911566
-0.812051
-2.04613
-1.23799
-0.465491
-9.26053
-0.505197
-0.424902
-0.221091
-2.327
-5.9398
-33.9212
-1.35831
-6.142
1.13191
0.52767
-3.22136
-0.372506
0.420941
1.36271
-0.670488
1.11574
-0.268615
-1.03441
-0.541106
-0.858992
9.03321
-4.85262
-3.364
1.59982
-0.0260275
-0.721339
0.633037
0.473307
-21.0584
-0.381076
-0.330291
0.00406495
-19.3175
5.41642
3.57737
2.24683
2.22255
2.96746
-0.0511423
-50.1356
4.62225
1.45665
-0.841846
1.11289
-8.07569
3.71487
5.81439
6.93332
0.982307
0.0132754
-0.677537
-113.724
3.25731
0.387992
1.73866
-3.67556
0.17355
7.35634
0.285492
-0.68207
-0.177421
-0.161052
0.247088
3.75412
0.111108
0.711889
2.12303
-3.72362
0.183608
0.274254
-1.08175
-0.651465
-1.90234
3.68957
2.30536
0.146779
2.15106
-0.603722
0.909072
0.153664
-1.59042
30.7858
-1.28232
1.50454
-0.0973626
2.75442
-1.95423
0.0386511
-0.455615
3.0503
3.22954
0.965822
0.558496
-0.052363
27.6775
-0.606608
-1.46423
0.586458
-3.35018
-0.181203
0.0803311
-14.7181
-0.489048
-0.23499
-0.347688
0.24693
-1.27435
0.660132
0.472968
-3.07743
-0.263738
0.754512
-1.65064
-0.158403
-0.604294
-0.197754
0.957052
-1.25754
-1.30331
-4.51137
10.4216
2.06072
3.31728
2.97232
2.62217
-0.426161
2.14684
-8.00963
-0.167726
-0.133837
-0.904843
-0.996489
-3.97714
-0.201839
0.781624
1.00059
8.02834
-1.96146
-2.3895
0.0300225
0.617393
0.379144
-0.649932
1.55003
-1.77362
5.1977
-0.683607
-0.404047
1.09457
0.172802
-0.190145
-1.95821
0.5468
1.02847
-0.210043
-1.52366
1.27596
-0.103865
-0.794999
1.18877
0.420787
0.264756
0.614699
-0.390973
-0.882654
0.421567
2.46353
-1.09466
-1.37107
-0.172651
-2.47782
-12.3357
-29.8982
-0.289075
-0.497647
5.37329
-6.01949
1.35046
-3.63537
-5.94713
-0.0398374
1.94134
-1.5865
-0.686926
-3.40507
3.80998
1.5393
3.56301
-0.879569
-0.409145
1.18864
-2.18129
-0.0424192
1.81007
0.0704436
-0.317036
-1.0069
-2.54006
4.10727
-45.9235
-0.60832
-1.55928
-0.685133
-1.46604
-1.4216
0.541056
-0.310645
-6.23757
-2.62961
-2.23958
0.9065
0.499796
1.148
0.934475
2.4493
0.177227
-4.25184
0.0877194
-15.5903
-2.26028
-0.101884
2.5562
0.585822
-0.409894
0.687651
0.584064
0.480119
2.77583
-2.1874
-1.23159
-0.691006
-4.3271
-0.336154
-1.42431
-16.1172
-2.55012
1.64457
-0.84352
35.2838
-2.90774
-0.731709
1.65468
-0.643044
0.507847
-0.337511
0.670444
3.38917
-1.11544
100.482
-0.570701
-158.321
6.53729
-5.20475
33.3637
-0.522603
0.0664344
-1.47573
0.0828932
0.700974
5.60985
-0.242591
4.45433
1.85653
-2.94486
-0.162285
-0.286374
-1.99528
-1.0619
2.07848
0.624467
-0.704378
5.64375
3.66902
-12.9177
0.619312
-3.54116
-3.31041
-0.0906085
9.25295
-0.168469
3.4116
0.457256
-0.857721
-0.78959
1.8747
-2.4129
-0.637504
1.29682
-0.0630945
-0.882349
1.47649
2.91499
2.99359
1.25308
1.07794
-0.778784
1.14409
0.23161
-1.45151
-0.325033
0.653558
-2.16623
0.216587
56.4864
0.944364
-1.89342
-1.54702
-0.122107
0.356875
-5.3539
-10.5625
-3.67077
-1.03721
0.0194534
0.648589
-4.87966
0.242621
-0.200036
-2.51685
-0.529817
1.2519
0.139173
0.752874
-1.30064
-3.85723
0.0854694
2.12277
-1.00529
-0.580189
0.836779
-23.0958
3.2243
-110.287
1.48956
0.896027
1.41822
0.027409
-0.176787
-0.130172
-0.439938
1.25877
2.42783
5.10069
-0.357232
-1.42325
-0.809903
-0.343008
2.12414
-3.26047
-0.934496
-6.30372
-0.511808
-2.5367
-1.57505
-1.00192
0.274481
-1.30285
0.673768
0.850745
-10.544
-0.494689
-0.167848
-0.699434
0.0426108
-0.188426
-0.414753
0.0417329
-0.33854
1.38657
5.82711
-5.90592
1.62703
0.59325
-0.169786
0.0968728
-2.53775
0.927
-0.634571
-3.25798
41.4169
0.801896
0.706738
1.01021
-0.452251
-0.981429
0.327316
0.0041466
-0.980736
0.808797
-5.4541
-5.92621
-1.75323
-10.1711
2.56257
1.13739
-0.401736
8.38567
-0.742446
1.04356
-0.204259
-0.54752
-4.38967
-3.93719
-0.806543
0.468295
-0.247159
-0.377548
-0.965683
-0.705902
22.7911
-0.334956
-5.66975
2.86827
-0.613291
0.408823
-5.95404
0.253861
-1.11307
-1.38201
-0.130591
-0.940088
-17.5646
-5.56831
1.41492
-0.2983
-0.117428
-30.5811
4.00235
-6.68402
1.00368
-2.00347
-1.14546
0.629823
0.446505
1.4922
-0.517216
0.180096
48.7504
-2.16146
-0.698877
-3.06915
4.56786
-0.110912
3.06458
-1.72326
-5.01472
-4.60583
-1.33084
2.46347
4.42687
0.819265
-1.93724
-0.989684
1.18573
5.80993
3.74831
-0.353621
-0.161728
-2.33179
0.582993
0.482634
-1.90408
-1.01174
0.0923009
-0.800033
-0.334299
-0.993379
-1.63017
6.06889
0.620677
-0.3569
-1.8063
-4.14756
0.348562
1.83776
-5.69692
-0.425609
-2.15318
0.241403
-3.44748
12.4632
-0.339488
-0.0500876
2.22048
4.2779
-0.0821369
0.0241297
0.203786
4.18504
-1.43811
-7.52443
-24.7821
2.77305
-0.540633
2.48819
-1.59907
-9.99153
-2.21229
0.466784
0.26621
-1.36619
-0.00906777
-1.3481
0.0860434
0.125043
-7.57874
-0.022586
0.342946
-2.43146
-1.2801
0.485996
-2.48917
-0.696592
0.429763
1.94356
1.30431
4.40926
-1.65493
1.10149
-1.07306
-0.727113
-1.61239
0.00342352
5.67303
0.39244
-0.412059
1.64992
0.162653
-3.96452
-1.43142
5.66976
1.90779
1.28487
0.135142
-1.69097
4.45118
-0.226263
2.55029
-5.1425
-0.00304878
0.274054
0.38653
0.115691
1.95044
-0.413562
-0.468091
-0.225374
-5.90388
-0.256695
0.926814
0.850036
-0.822655
0.400696
1.34663
1.64995
0.753928
0.419028
14.4816
3.06835
1.79432
-1.86155
0.218156
-0.70695
-1.45039
0.0598498
3.35046
-3.56492
-0.808654
-1.20959
0.626692
-0.598189
-0.655221
-0.0212292
1.01586
2.3654
-0.90952
-2.83817
0.0254782
3.27356
-1.70693
0.797145
0.288832
-1.33504
-0.47688
-0.24696
3.70941
-0.498756
-0.31537
0.810508
0.359748
-0.687336
-2.26016
-1.0008
-0.0620129
-0.233974
24.2458
1.36319
-20.5484
-1.37026
-8.22116
-0.0321222
-0.166929
2.82935
-0.101821
-0.08816
0.269046
-5.638
-0.208832
-2.74965
0.455929
-0.835909
0.79598
-0.206457
-0.52351
1.06401
-15.0361
-0.233404
-1.70701
0.267552
0.190906
0.0770554
-1.65882
-0.369342
-0.513618
0.604574
-0.0970579
7.50777
0.401395
4.70832
-0.606575
-7.16172
2.8153
-2.31669
-0.0856873
-6.31689
2.06427
0.362992
-0.742658
0.1217
-0.174086
1.63885
-0.244324
0.291833
-1.57144
-1.41087
-0.514376
0.637276
-0.615463
-0.143141
-14.6417
-5.47868
0.392114
-2.93209
-0.521939
0.52291
7.2809
0.167003
26.7155
1.41737
-3.40822
-0.181919
-0.232482
2.12393
-4.49461
-1.35245
-0.409716
3.05937
9.27903
-0.637685
-4.15968
3.96831
0.622682
0.253485
-2.13287
-2.86286
-12.2937
1.41777
-4.93234
-3.65826
0.0702375
-0.0482063
0.318171
4.36159
-0.385296
-0.726924
0.199675
-1.40324
0.109363
0.736484
0.0250635
-0.249193
-0.890205
-0.324448
0.0118453
0.35173
-1.51238
-0.154117
-0.184511
0.482435
-0.301807
-0.142511
-25.8127
2.7636
-0.346538
0.11475
-2.40096
7.52762
4.03379
26.1514
-0.414724
-3.26887
1.71945
2.11664
-0.970081
-0.999601
-0.29886
2.52352
0.337534
-0.281961
-1.99145
2.98884
-2.30732
-4.99387
2.45345
1.3559
-1.4126
0.185247
0.556793
-0.144991
-1.37936
-2.81316
3.20986
0.850762
-1.86869
19.6059
0.513447
0.157679
-0.784593
-1.06123
-1.37312
0.494829
1.02698
-3.19792
-0.885302
0.476239
3.91144
14.6999
-0.566867
-0.145962
1.8507
-5.10426
0.135725
0.159416
0.757557
17.6866
-1.92326
4.72387
1.78038
-0.0814343
0.838525
-0.223742
-0.90684
-0.0661671
0.877948
-0.478121
0.66924
-1.29656
0.0921122
3.29915
0.314609
0.267017
-0.0509208
0.416794
-0.650067
-3.38056
0.160334
-2.62223
-1.485
0.63463
-1.5867
-1.8578
-2.77539
0.611914
-1.78703
1.22242
-0.105846
0.355246
-1.30761
1.60713
-4.26074
-0.415566
8.08866
0.682371
-0.189367
-1.12011
0.258933
-5.41976
-1.13753
-0.0699133
0.654245
12.3367
0.296275
-1.69481
0.0836927
-20.105
1.04302
-2.35448
-4.42948
-0.178558
-1.66437
6.90607
0.134075
-2.74768
-1.38941
-0.786091
19.1744
2.79725
-1.90064
0.614608
-3.63353
0.439638
2.2917
2.73358
-0.0777311
0.95545
-4.71848
-0.760103
3.23276
-1.20875
-0.7696
2.75246
-1.21417
0.986351
2.96938
-1.16255
-1.06647
10.9967
-1.68729
1.58366
5.9267
-0.121366
-2.72229
0.207048
1.34959
0.533407
58.198
0.0459874
-1.65233
-1.17731
0.594639
-0.681275
0.0356621
-2.19163
2.8437
-1.46339
0.230509
-8.47748
0.475364
-0.333523
0.573735
-0.231636
1.87915
1.88722
2.42431
-0.773904
0.958262
9.38065
3.70156
-5.67341
1.04108
7.63852
-2.22352
0.436798
0.974575
-0.806656
-1.4149
-0.47873
-1.01722
6.99402
0.211673
-0.177495
-1.16268
-3.63831
-0.54795
-1.35736
-0.799306
0.0884323
-7.3718
-0.439638
0.678418
0.565151
0.196896
-1.20086
-10.0122
-260.479
0.143515
-4.10961
0.000839755
501.706
0.505155
-2.77005
-0.312525
-1.42765
0.373459
-2.18665
-0.210042
-0.176276
4.91146
1.27855
10.2694
5.16812
8.34517
-1.43636
151.055
-8.68547
0.722589
-0.772695
1.53228
-0.605999
-30.203
3.80198
2.89747
-0.402796
0.644223
-2.13899
-35.5643
-5.6784
-2.92505
-1.13724
-1.27431
-1.38366
6.02004
0.491412
-1.83898
1.62071
0.489894
-2.30196
-7.29769
-1.31771
-1.7377
-3.90644
-0.0998223
0.358632
-1.05477
-1.80668
-0.733307
0.434578
1.60514
23.0018
-0.279937
2.74201
-0.527895
7.00219
-0.0571821
32.7685
0.370979
-9.1971
3.85658
-0.432853
0.210065
0.571929
-2.07447
-9.67142
0.148562
1.02894
0.248831
0.504128
-3.21815
-2.34869
0.284518
0.104425
5.13501
-1.0087
-20.7306
-0.568303
-0.696532
0.133593
-0.998982
0.743491
0.281446
0.152453
-3.6641
0.609552
0.518579
-1.64455
2.31157
-0.636728
27.049
0.556298
-629.736
-0.220022
0.157532
-2.44202
-0.575347
-0.505183
-0.281528
0.169099
8.16036
4.18213
1.79568
0.159553
0.434917
2.43523
-2.83195
-0.728516
-2.10265
-0.107389
1.77127
3.17808
9.49436
-0.485961
0.933077
-0.0448516
-1.2194
-1.71415
1.66002
0.684075
0.223372
11.3375
-0.0501379
0.125642
1.63947
-2.04921
-3.88593
-2.8735
-1.81183
0.471374
5.42572
-2.10808
-0.0925378
-0.318225
-1.24656
-0.27462
-0.201741
0.238195
-1.65079
-3.15986
0.222762
-0.263497
2.28181
-0.20069
-1.03632
1.46799
1.53281
-1.86884
-0.907458
-0.57665
-1.51362
0.644528
-0.520151
10.2539
-0.935805
-3.51241
0.615382
9.48579
0.714082
0.782613
3.24731
0.901878
-0.47168
-3.6274
-2.34307
-0.194536
0.252495
-1.63148
2.8335
8.71034
-4.63653
-20.8351
1.21686
-3.05337
-1.41957
0.413881
1.06733
-1.17176
1.11957
-0.367725
1.42835
0.515376
-1.8314
0.605359
0.476194
0.278202
1.92582
-8.9615
-7.03037
2.33292
2.83042
-0.459122
-0.585699
21.5302
-0.682792
-0.214497
0.730103
-1.2402
2.99849
0.774745
-1.63768
-1.43092
2.80656
-0.493826
-1.2942
0.614815
0.271792
-0.772484
1.19601
-0.0641788
-0.884615
-2.45167
173.815
0.976068
0.201231
-0.0744284
-1.05207
-0.310885
-0.0750881
-3.05274
-0.82287
-1.9232
2.10621
-0.17543
-0.871856
3.2043
0.46882
-1.08291
-0.116058
-12.051
-0.206352
-0.131172
-1.52574
1.08371
0.291962
0.11913
-4.2755
0.515715
1.55396
-5.62656
-0.461926
3.39169
0.879122
-3.43282
-0.280378
0.310943
-0.200275
1.17996
-1.18563
0.216011
2.04933
6.51383
-0.493739
-4.80558
0.233234
1.65761
-1.22211
-1.01718
-0.372995
0.393583
1.94969
0.529566
-0.00395267
0.758182
0.90602
1.02442
0.268363
-3.85346
1.78337
-0.641118
0.165627
-1.43052
-3.13904
-67.3928
79.8565
-0.0229793
-1.03013
-0.587684
-0.155023
-0.454314
-2.19305
-0.936535
-0.342558
-0.219221
1.08794
-0.737012
-1.54523
-0.745494
4.09997
0.256161
6.31727
-0.539063
16.4991
1.88094
-0.955917
-16.9965
-0.0232088
1.30387
-0.597369
-0.59623
-0.681729
0.0435505
157.925
2.56412
-0.619081
-3.94892
1.03415
0.863759
3.58207
0.379609
2.66751
-15.0237
-0.126358
-0.375504
2.33981
-4.96849
0.233282
-0.804802
0.864794
2.47794
-30.4717
-0.787356
-0.101917
3.7576
-3.7431
1.89621
0.435899
1.5895
0.6806
0.747688
1.82007
11.8939
-0.439355
0.863979
-0.254224
1.93304
2.20713
2.62454
0.424807
-2.53017
-8.12824
0.388859
-1.55576
-6.59149
-0.687691
-0.122699
0.133454
1.64221
0.262083
-0.505662
-1.70472
-4.85945
0.27463
-5.46092
-0.392065
-1.16945
1.21736
-5.78175
-0.995348
-2.2756
0.260444
2.99274
-1.98827
-0.552771
-0.61686
0.120732
-0.121003
-0.239654
-0.820896
-1.39837
7.57403
0.69265
1.47747
0.208787
-5.36132
-0.173083
-0.340122
0.846738
0.740859
-1.34801
0.417329
0.722122
1.01978
4.93371
2.21328
1.52855
-1.37856
0.591012
-0.832815
0.916441
-0.0370378
-0.196363
0.558846
-0.19263
0.754127
-0.168311
3.60845
-0.338023
-0.835575
50.676
0.395794
-0.449088
-0.721298
5.89548
0.878527
2.63235
-1.33084
0.953294
-0.930926
-0.175358
0.684209
0.0223023
-20.7009
-1.18311
0.641387
-1.54509
1.43913
-2.38688
-0.127854
1.942
-0.24789
1.71992
0.174645
0.859985
0.513366
2.10022
0.923269
1.90694
4.34249
0.869314
0.0211845
1.68153
0.611503
1.45721
0.333231
0.594064
0.928733
4.33485
0.123559
-0.0894467
1.00337
-0.134427
-0.574084
-0.0801971
-3.03885
-1.73049
-2.78583
-13.7719
0.991606
-5.83547
2.43739
0.991688
0.490839
2.07985
0.607339
0.52386
-1.20472
0.505922
0.118928
-1.16857
-0.0976553
-0.373196
-7.55008
-0.527029
1.03231
-0.0412376
-4.13411
1.18415
0.898375
-0.785781
-8.21374
-0.751189
1.02066
2.88832
1.88076
-2.17902
13.7538
0.363684
-0.114158
-13.5374
-5.54694
-0.0496452
0.698825
-0.104404
1.33079
2.48235
-0.642314
2.44236
-0.0222944
-0.0317958
0.786253
1.30399
1.89484
-0.20641
0.474127
0.926137
8.51422
-0.598161
1.15837
-1.89288
-0.134908
0.70408
-2.09323
1.18162
-1.3604
-2.2376
-1.84885
8.7866
-0.668281
1.40358
-4.00792
1.51752
1.21041
3.28392
-1.12082
-0.149659
1.89862
0.2611
0.0786008
0.0603237
-0.776271
-1.65198
-0.456598
-0.229827
-3.20712
-0.896752
-0.530741
-14.1189
13.1468
0.382217
2.03735
0.164876
1.2081
0.00835314
0.823201
1.41496
-0.61183
8.77997
0.818541
-0.82797
-0.629725
-0.647747
-1.94914
0.755151
-0.659905
0.530685
0.397718
-0.85651
-0.0267136
-0.237268
-0.860117
1.35558
-2.09529
-1.03179
-1.16653
0.396288
-1.97461
-5.22255
0.830728
-0.070808
-0.548455
-0.559817
0.150689
-0.0715807
-0.491899
1.04177
0.37449
0.55056
-1.78832
6.14062
0.767243
6.91601
2.10288
-5.86759
-12.6437
-1.37888
-4.37409
0.396257
0.934637
3.42764
0.404262
2.56161
5.27379
1.26503
-5.86048
-0.488885
0.931434
-1.83497
0.367524
0.215838
4.21039
-0.0651094
-0.880301
-0.0195199
1.43144
-2.38167
0.561034
2.00985
1.02993
0.934665
-0.58442
-28.5549
0.845866
-0.449591
0.534483
-4.23962
1.23804
-0.315132
-1.81955
-0.308138
-0.526156
0.182103
0.650284
1.02224
1.54189
-0.549061
-10.3172
-0.633437
-4.19891
0.381475
-1.41229
-1.02066
0.289566
0.935309
7.03276
-0.428397
0.561925
-0.57656
-0.190471
1.21526
1.77253
3.68728
-5.22408
-1.16422
2.87811
0.461937
0.656732
-0.891635
-1.69873
-0.562804
-4.48433
7.41425
-0.318357
13.1553
3.81104
0.299922
0.752513
-1.90895
-0.47486
2.9286
-2.98599
0.300301
1.15328
0.833279
0.0579438
5.12053
-0.414217
1.15297
-0.829024
0.135569
-0.0498083
6.22105
0.237536
0.18744
-0.0971165
1.5944
-0.164532
-1.93712
0.526933
2.21482
1.60714
-2.008
-0.440667
0.531897
0.304436
-0.539909
-0.0241997
-1.44674
0.255745
18.1318
0.493683
-0.950428
-0.696157
0.953519
-5.02401
0.257421
-1.22461
1.06813
0.411932
-1.2871
0.670741
1.44411
1.90556
0.334976
0.0779176
-1.39944
-2.5722
-0.339061
0.868568
-0.597746
0.482023
1.13908
1.84848
-1.29044
-0.327373
2.06279
-6.29415
0.458728
0.00446633
-1.68368
-0.640755
-93.0141
0.392816
-1.34171
0.465071
0.207854
7.63446
0.0443068
-1.07329
-0.624109
0.953604
-5.29957
-1.13262
1.44478
-0.307389
1.59457
-0.0629139
1.70209
1.43301
-0.550694
0.471574
0.667089
2.15963
0.99099
0.557364
-2.15943
139.202
3.2046
-0.995586
0.154653
2.16933
0.461611
0.0274773
-0.607463
0.636581
-6.23651
-0.599982
14.7591
-0.0627397
1.2462
-0.549866
-56.5724
-6.03785
0.602597
0.691301
2.94721
1.62645
-2.84902
-0.222399
2.8043
0.440358
-0.081793
0.201409
-1.62286
0.163556
-0.214305
-0.983585
0.65812
-1.35031
0.323944
-2.19824
3.36009
-3.58326
6.50024
-0.642605
0.52443
-1.20672
-0.965187
0.42543
0.543892
-0.466343
-9.66266
-0.0804816
0.650797
-43.8119
-0.139869
-2.21227
-1.75383
2.85296
0.176921
-3.1385
1.97137
-0.673107
2.95983
0.681259
1.17086
-30.422
-1.59576
0.47562
0.153359
23.1903
-2.2176
-0.29834
0.462589
4.85053
0.180308
-0.18982
-3.43176
0.673065
0.957821
0.0361898
-1.85697
-0.876397
-0.254775
0.303096
-0.513927
0.144965
3.2133
-0.267387
0.114484
-1.03335
0.375005
-7.54901
-0.0581169
1.00974
-8.16027
1.62124
-0.40813
1.04801
0.975455
1.00704
-4.56173
20.2158
-0.0623972
-11.5724
-1.10593
7.80002
3.52434
-2.84245
-3.13049
-0.243629
5.47736
-0.676284
1.29713
0.58088
-2.75711
-0.862958
-2.16067
6.77333
0.322304
-0.272785
2.4261
-0.0991844
-0.234993
-0.590581
1.06837
2.63534
5.015
0.372341
4.79187
1.65231
1.64365
0.198063
1.70174
-1.06882
-1.06418
3.38155
1.08931
3.95701
0.00184713
-1.61181
0.340625
-1.06233
0.119012
-0.712905
-0.708536
-0.807801
-3.83446
-1.83129
1.03409
-1.1173
-1.70576
5.44546
-2.31415
0.298654
1.08169
1.25989
-0.244428
1.05277
0.780543
-1.08415
2.74955
-1.41899
-0.346579
0.299962
-1.79968
6.23633
9.40082
1.41781
-0.358022
-3.11976
4.43337
-0.814784
-0.986871
1.14941
4.31135
-1.06007
-0.70829
-1.02227
-0.850146
-1.11748
-0.749345
16.3269
-1.33937
-0.491423
-0.0359167
7.27347
0.10658
1.41172
-1.69653
2.62825
-0.982763
0.100068
2.21673
-0.534209
3.24333
0.725809
0.0774499
-1.18031
4.61756
-0.350395
-0.247116
-0.0838142
-2.71369
-4.99607
1.41653
0.242846
-0.337035
1.67546
-0.0851926
1.67543
-3.41723
2.98101
-0.117948
1.17876
-2.09967
2.13414
0.216755
-0.105024
2.95311
0.883532
0.03235
1.89183
-2.2796
0.208482
0.486836
6.20256
-0.618316
-1.36497
1.54603
1.93949
-0.437794
0.167958
2.61587
1.37729
0.128262
-0.140796
0.699954
36.4875
147.545
-2.05447
0.1582
1.73882
-1.40146
2.66548
-1.4571
-4.38029
-2.99203
0.0644695
0.391217
-1.12748
4.95078
1.62523
-0.871826
-1.84455
0.748772
0.537427
-0.294984
0.781655
32.3085
-0.646954
0.197278
-5.38281
-1.80561
1.83837
0.346617
0.192288
0.462375
-5.08013
0.851998
1.05891
-2.03218
-78.3768
-3.55533
0.372888
0.729836
25.3827
0.560788
0.306459
0.713903
5.6614
1.04778
0.253481
6.05802
1.21409
0.948337
-0.335889
-0.188211
1.81974
-0.936432
-0.672147
-0.634742
4.64506
284.178
-0.644816
-53.5684
-1.81711
1.9767
1.36358
-1.3543
0.27102
3.60881
-0.335716
3.8488
-0.844483
16.8401
0.817064
0.447307
0.304773
0.826408
-0.949278
1.25581
0.648771
-1.19934
-0.11152
-0.786212
1.64436
-0.107804
0.229396
-0.140458
1.15488
-25.0964
0.0173042
-0.538219
0.630052
-4.14556
-2.85552
-10.4384
0.402215
-0.165442
1.81535
4.81751
-0.584757
-0.0192557
-0.57914
-3.99762
-2.13266
1.17011
-1.58707
1.27539
-4.55475
0.649271
0.244908
-1.34432
-0.649079
0.493368
-0.995816
1.63163
-0.373006
0.699494
1.11643
-0.96208
-3.32863
-0.968187
-0.525959
-4.13812
-0.556963
-0.571336
0.832886
2.32733
0.3576
-0.123745
2.83046
-6.15728
1.34217
-5.98537
1.35426
1.27326
-0.821827
0.917166
-0.237881
2.53168
4.68851
0.20074
0.289145
-0.174573
-1.09209
-0.442347
2.456
10.5154
-0.622419
-0.0820053
-8.28804
0.716073
-1.22871
0.692735
0.129974
0.88733
0.206765
0.742988
-4.48664
-1.26009
-9.94751
-0.409945
0.0948028
18.8232
-0.723331
1.67176
-0.0857688
-5.43852
-6.44145
0.76287
1.73795
-5.96614
2.43439
0.590602
-0.741133
-0.67829
-2.49801
0.982149
-0.287226
-0.761245
0.934587
-0.356537
0.194271
-1.94284
0.286797
1.05238
5.75635
1.09351
4.45925
-1.62413
-0.0247497
1.34071
1.1701
1.51365
-4.95138
-1.78429
0.802029
-1.96466
3.05302
2.691
0.138631
0.87695
3.32397
0.798956
0.262425
0.412666
0.314884
0.0369474
-2.64322
0.0628304
17.3182
0.869524
-0.472133
8.16406
-6.70231
2.55097
-0.448818
-0.0117835
-1.56858
1.01619
-0.807722
-0.331669
0.236767
2.29365
-0.524698
1.0943
1.24946
2.8923
-1.033
-12.0001
0.475661
-2.44928
0.536629
-0.197696
-3.39818
0.791672
-0.398539
1.11091
0.914781
-1.05478
0.687148
-1.73382
-3.2377
-0.46751
-0.0775179
0.587063
-0.289313
0.449258
0.186043
0.850858
-0.345395
-2.68573
-0.185475
-1.94321
13.1548
-2.51895
0.812896
-0.533559
-2.9118
-0.674177
-0.787274
2.67766
-1.29064
-8.9186
-5.85294
-1.08885
-1.19662
1.89973
0.782049
7.9849
-0.924502
0.727262
-1.21167
-0.687528
-0.569151
1.43097
-0.11418
0.527474
0.699033
-0.185859
0.366344
-0.113204
-2.03478
0.538457
-1.50483
0.887193
-0.896311
-5.47262
-0.471201
-3.87678
0.211369
-0.255011
-0.459501
-0.11881
0.954822
0.292489
-2.91735
-1.07534
0.336741
0.750798
-0.24565
1.37004
-0.0204525
0.277873
-1.19174
-2.3844
-0.179769
-1.73907
2.4386
-6.36655
-0.961822
0.420229
-0.222684
0.498238
-0.228531
13.2779
0.308242
-1.15681
1.13695
2.03375
-0.0701906
0.80625
0.94725
-1.13077
-2.80464
1.66916
-0.180477
-0.168146
1.05752
21.952
0.847845
2.13871
2.39526
-1.28565
-0.0497955
0.14883
-0.585859
1.41288
1.24849
0.260038
-3.20847
8.30219
-1.2869
-10.5786
1.98476
-3.26049
1.64378
0.587244
0.640192
0.727924
-0.293554
0.536091
-0.210676
0.118997
-20.2687
9.49944
-0.497611
0.258818
1.18202
0.536757
-0.463938
5.1168
0.318985
-0.402077
2.22061
-0.141227
0.025245
0.288921
5.01691
37.279
-1.40596
-0.473424
0.22146
-2.85391
-2.37479
-0.188306
0.199914
1.13748
1.34334
-0.315404
-0.461449
-0.938778
0.2196
-0.518632
-0.420493
-1.14189
-0.997676
-0.423063
-1.00466
-1.66773
-0.245097
-3.94014
-0.245546
0.952268
0.990657
0.599226
-0.352511
0.0966576
-7.16632
-0.148009
0.10932
-0.745373
-1.23462
0.717862
0.331834
-3.38589
34.7848
-1.05955
-0.111738
-0.696749
-3.32168
1.45562
0.967778
-8.54674
8.27186
1.19332
-7.86182
-1.02818
-0.594297
-3.16671
-0.0348821
-0.359605
43.2543
0.013358
-0.603677
-0.923447
1.51226
0.700193
-1.25677
9.51731
-0.870333
5.54791
1.07593
1.32445
0.714857
27.5494
0.885333
-0.554888
-0.265661
-0.941368
-0.0699261
1.39811
-0.642226
-1.25403
0.878461
-5.51077
0.00329506
-0.14912
1.30546
0.801723
0.286565
-1.71584
0.255659
25.5884
-0.0323691
-0.0341685
22.2079
-0.32834
1.34226
-0.114499
-1.02899
-13.0524
-4.18124
-1.17406
-2.18227
0.213217
1.40305
0.751378
0.559344
0.594494
-2.40892
1.8186
1.35454
3.07374
0.351143
-1.25181
5.08573
-26.0971
-1.5448
0.646561
1.43726
2.11422
-2.30949
0.153706
-1.41452
-0.131947
0.142891
3.19449
-0.184243
0.583418
4.83032
4.07496
1.11995
-0.77124
0.156113
-4.03417
-0.0325928
-0.938901
-0.374628
2.63309
1.24338
0.101231
0.585595
-2.65565
0.297198
-2.35741
-0.164019
-4.23405
7.9982
4.47999
12.9965
-1.4395
-0.040503
5.2964
-22.3223
1.24931
0.320653
8.62827
-0.326188
-1.5041
-0.271112
0.199565
-1.21679
-2.10828
-0.122491
0.607348
-12.4958
-2.70041
-3.5558
0.577208
1.00639
-1.50321
-1.03044
2.2295
-0.236978
-0.0190328
-2.02965
0.0700552
0.437085
9.81727
3.87732
0.955795
0.81295
-1.39889
-5.17046
0.887306
-0.546614
0.918282
-2.36831
-0.30765
0.49685
-0.649159
1.32978
0.648413
0.0862915
1.83462
-0.968783
1.31383
0.296231
6.42131
-0.139277
-0.577825
1.36202
0.143595
0.342352
0.455443
1.9176
-0.453905
-0.159177
0.0658657
-0.575347
-5.31544
-0.466879
1.01897
-15.019
4.35774
-0.421712
0.0181459
-1.30567
-0.358008
1.05491
0.50727
0.906432
-0.0380262
-4.32996
0.479566
-0.30445
-0.852502
-152.231
1.14771
-2.31805
-0.481957
3.01944
-1.47593
0.162564
-0.322515
-5.546
-1540.68
7.50453
159.639
-1.09444
-2.3341
-0.56
-0.286211
-0.131998
341.899
-1.48784
0.436384
2.45665
0.188817
0.181723
1.11734
0.939163
2.98713
-1.18562
0.00586649
0.875141
0.966454
-0.0800657
-0.233939
10.6258
-0.234376
2.05527
-0.538877
0.751349
-1.36058
-4.75343
0.067388
-1.2239
-2.33368
-2.45067
0.604127
-0.140249
-0.473997
-0.407507
0.910366
0.132705
0.0588354
-2.33365
-16.5607
1.56615
-1.02776
3.03404
3.3768
-0.773503
-1.35153
1.40035
2.27227
0.191578
-0.200034
-0.0987104
0.166929
-1.88697
2.02577
-0.426965
-1.1789
-4.90572
-6.4606
0.853415
-0.287498
-0.0238822
0.609976
-4.63688
-65.7893
-1.30779
5.89663
0.40315
12.3551
6.01473
0.0337616
-0.774962
-1.48081
0.39283
0.128739
3.95941
6.14571
-0.425909
-2.08298
-4.70191
0.379671
6.33668
0.113604
3.55616
-5.22855
-0.275611
-0.267099
-1.20734
0.48185
0.555654
1.60858
3.52558
-0.728663
-202.43
2.71769
-1.92663
-0.0352202
-2.87413
-0.571602
-0.755797
0.855941
-1.53994
-0.340436
0.302921
78.4123
-0.172488
-2.30605
20.6166
-0.827176
0.100553
0.434588
-7.06334
1.53085
-3.50493
-1.17507
-0.233672
0.830764
-0.255918
-2.31914
6.70199
0.156693
17.1084
1.01512
-4.35622
0.845621
-3.52798
-0.379767
3.56639
-0.981242
-3.12004
4.95559
-0.281509
-0.0202396
-0.258246
1.16232
-0.39966
2.82166
24.5313
-16.7132
-0.0195549
1.34009
1.53734
2.61292
-0.0249234
1.53982
-2.22132
1.63683
0.576671
-1.22095
-0.211082
-0.189394
0.733415
-2.06254
-0.731201
6.17269
-1.95825
0.672576
-0.370564
0.183906
1.99629
-13.9595
0.850818
0.585394
0.623084
1.25052
-0.7393
-0.806715
-0.485371
-1.19116
-0.263724
0.570533
-1.855
-1.17639
1.01391
0.108686
5.02732
-1.50641
-0.605268
-0.519903
2.89165
-8.85496
3.04766
-0.278935
-0.941549
1.20659
-0.435146
-1.60084
-0.259443
-0.253998
-0.09197
0.477823
-0.0251606
-0.748252
1.61648
1.04966
-0.0606148
-8.82198
-5.42313
-0.480908
0.208347
26.5591
0.192546
0.456356
-2.35506
0.143691
-0.324469
2.85264
-0.0340063
-0.431598
-8.94321
1.40628
-1.52927
0.608881
2.08593
-0.688543
0.598104
1.69294
1.48797
0.516034
0.648381
0.741862
-5.18219
-0.251799
0.648505
0.865204
0.671669
1.60671
-5.73481
-0.418243
43.9332
2.37052
-0.53046
-5.03932
-1.05359
1.30009
-12.8035
-0.0102865
-0.0668566
-0.488839
-0.332352
-5.65582
1.08864
-0.711912
-0.924579
-1.28356
-1.53807
0.183267
-0.596084
0.0369115
-1.48249
1.93041
2.29271
1.34778
1.48472
0.297593
-1.66299
0.872112
0.544896
-1.14457
1.00702
-1.20421
-1.26897
0.773656
-0.698836
2.38348
1.88696
18.814
1.84045
-1.78685
0.184221
9.01599
-0.402555
-0.994844
-3.42059
3.90049
12.3061
-1.45394
0.461817
-2.02101
0.23897
0.598226
1.22945
-0.514049
487.036
6.29378
0.568657
1.1132
-0.231815
-0.862587
-1.72673
0.793628
-0.154533
0.860381
0.927987
-1.4036
-0.647789
0.146825
-5.4419
-0.793408
0.902996
0.508682
-0.620293
-2.61051
0.668903
-4.31555
0.200863
-0.590345
-0.361694
2.14818
0.965381
-0.383263
1.53175
0.109651
-4.97326
0.757692
0.1476
-0.0276952
1.16121
-2.23679
0.830547
3.82865
-1.17925
-0.770398
-2.69882
-7.65574
3.50121
-0.109322
-0.0169656
0.0160131
1.52626
0.9935
0.686291
1.98203
3.43943
-0.280623
8.70557
-1.02833
0.0947148
-1.1717
0.123162
0.85783
-0.0434822
-3.96503
-2.065
-0.282382
2.03956
-0.595575
-1.66112
0.0332633
151.778
1.05448
-0.0990182
-9.90978
-0.501871
-0.243316
-0.166214
-0.239345
-2.40056
0.692253
-1.36043
0.116718
-0.199239
0.569322
-3.30679
-0.764238
-0.689055
0.585271
1.55098
-0.664774
4.06994
-0.00844888
1.23014
-0.144186
1.57871
-2.71243
-0.125059
-0.428671
-1.40162
-0.349314
1.93518
-2.42422
9.69658
0.121225
1.71174
-1.10582
8.90787
-0.0851998
0.882603
-1.48318
2.45062
-0.987495
-5.68576
-0.646508
8.43921
-0.422919
-2.03905
-4.81008
1.77849
-5.12832
-1.48517
0.185248
19.5956
-1.35424
1.49442
-2.60113
-21.3265
-0.2984
-2.60408
2.17899
3.10127
1.18481
-0.475731
-0.599228
0.816774
1.4144
0.22389
-6.37808
-1.48679
-0.265556
0.957619
-0.0793942
-2.21844
1.03273
5.30528
-0.342772
0.618953
0.246957
-1.39174
1.95225
0.687029
-0.212515
-0.151391
0.45199
4.66063
-0.774957
-0.79895
1.02931
1.43212
-0.734895
-5.86711
-0.647125
1.35999
-16.8126
-1.47992
-0.213634
3.00572
0.219117
-1.84689
1.13513
-2.22816
1.97651
1.99433
2.3682
-8.71158
91.2471
-9.48854
0.465334
1.77337
-1.44603
6.96467
-19.5951
0.181856
0.939945
-0.778386
3.56138
0.285234
-2.7321
-3.30155
-0.774354
-0.418077
-0.743949
-0.142205
0.68513
0.687746
-0.732357
1.32896
-3.4105
0.131623
-0.236341
-1.88227
0.0878883
0.357679
-1.00313
-1.2486
2.3365
2.95181
1.32837
1.69441
-2.03851
0.293728
0.78536
0.161965
1.59766
-0.746418
0.501313
-0.666681
0.0927841
4.35532
0.726683
-0.925346
1.14643
-2.1024
-0.947347
3.27142
20.6781
60.7861
-0.18412
-0.985994
3.18188
-0.262521
-3.13769
1.8002
0.25601
-0.837659
0.0419062
-2.4416
-2.04956
0.123393
0.892236
-1.50287
0.350285
-3.32267
-3.16817
0.0920081
0.654578
0.73843
-0.829821
-0.159835
-1.86707
0.308693
1.6119
-0.0495579
6.6367
-0.35965
6.29943
-5.3657
0.789167
-4.53956
6.09729
-0.745531
0.384685
5.85882
0.430479
-3.56949
1.40358
-0.900546
1.22438
-0.0664181
0.61786
6.92632
1.31865
-0.457001
-2.07124
1.49029
-1.41819
0.661391
0.149262
-0.585336
-2.81008
-3.72986
-0.0776683
-0.501226
1.48682
-0.800651
-1.30634
0.725657
-48.9817
1.47816
-0.544967
-0.953549
-7.41668
0.912292
3.29872
0.637441
-1.13057
0.091165
-0.320399
-1.26092
0.0731583
-0.336079
0.820232
-0.897055
3.21141
-3.94552
0.280835
-8.5316
0.616381
1.45836
-0.597985
-0.346796
-90.7719
6.85855
-0.456958
-0.0709572
-1.85234
1.60431
1.27447
-1.32582
-0.740819
19.4844
0.645262
0.36935
1.00714
-0.967542
0.938378
-0.430244
1.13974
5.7538
1.6052
1.09427
2.92221
6.30391
0.284456
-9.57285
-0.460503
0.229608
-1.06125
0.25664
-0.0246275
-0.767746
-0.135011
0.848656
-0.269379
1.50936
1.31569
-2.77434
2.7886
-0.644307
-0.305996
0.62268
0.643905
0.0494352
-0.988881
-0.639807
233.434
0.324623
-0.573978
0.278538
3.80002
4.45512
2.69834
0.0430556
-0.391576
-7.95733
-0.745455
1.9782
-1.60097
0.590312
-3.69494
0.586323
2.27052
0.456101
-0.017354
1.55434
0.850781
1.8666
-0.194585
0.11762
0.841586
-2.53046
-1.83777
-0.266076
-1.66463
-1.83183
0.275533
1.49016
0.887926
-2.13612
0.693014
3.75155
4.35537
1.45636
-2.39708
-0.357956
0.727942
-0.315229
-20.2219
-0.737923
-0.73542
2.24548
-0.154409
-7.78511
1.42129
1.7394
1.81999
5.306
0.817209
1.62453
160.212
-0.229231
11.1132
-0.315943
1.31665
16.3322
-0.0493736
0.661911
0.0615636
0.298581
-5.16641
1.55817
0.896363
0.929627
-3.81517
1.53694
-0.583667
-0.0310669
26.8621
0.992481
-0.375284
-1.55659
0.96601
-0.298874
-1.79458
-1.15087
-2.65262
0.43835
0.0838035
-0.706818
-1.08674
-4.52688
-1.19975
-22.9531
-0.986612
-0.0146318
-0.738206
0.796102
96.5536
0.336538
-0.22829
0.910411
-0.206561
-0.0361376
49.7589
0.163168
1.13266
0.100017
-0.632506
-0.508164
-0.976816
-9.74347
0.504949
-2.55324
0.46283
-0.391006
-2.58392
-8.10204
12.8929
0.632784
-3.1331
-0.651667
6.89933
-2.76459
0.523217
-1.28455
5.88255
1.89021
1.7473
-2.61901
-3.00168
-0.422514
-0.233803
-3.30602
1.67441
0.406287
5.00259
2.81119
-1.14148
0.218337
3.1322
0.609973
-2.82254
2.0902
0.421356
-0.237147
-2.34965
1.58954
-0.479507
-1.07735
-35.4709
0.20311
0.244625
3.04629
-0.671695
-2.01395
-3.56548
0.681721
-0.181335
0.368908
-33.496
-18.7799
8.04864
-2.10009
0.0942416
-1.38019
7.67639
-0.278106
1.67782
1.42474
4.06101
0.0825412
-5.02026
-0.00744937
1.12446
-21.0937
0.100163
-0.562437
-1.22041
1.50317
0.243695
-0.273795
2.64436
0.820594
0.0305937
2.49477
0.326219
-1.02256
0.852389
2.96048
-1.9338
3.08206
-0.0812557
0.252847
0.500014
15.0118
1.18063
2.10788
0.0788699
-0.982683
-1.31055
3.18122
0.23913
-1.38922
-0.463164
1.38442
-0.581516
-1.96213
0.366624
0.121183
-0.0263543
0.366307
-3.11046
-5.84251
-0.173436
-1.17172
-2.71153
-0.178173
-1.46242
-0.678635
-5.84636
-170.058
-0.759735
0.373974
2.24154
-2.59687
0.748159
0.401679
-0.67296
-0.185703
-0.0898802
0.307004
5.22435
13.2183
1.87923
-8.20883
0.108334
0.216939
-0.598344
0.215766
0.451935
-12.6357
0.888772
1.09667
-0.61765
1.35284
-0.49221
-0.037306
-0.0424259
0.618431
3.5537
1.28955
-0.215733
1.55025
-0.134905
7.37369
-3.61911
0.942673
-3.65901
0.863056
-0.218163
2.25197
-0.868164
-1.3478
2.15959
-1.50618
0.544588
2.57967
-0.69661
-0.778389
0.124986
-1.72858
-1.30959
-0.845358
-0.177157
-1.03872
0.392347
3.1936
-0.876009
1.39715
4.51538
-1.95844
0.259262
-1.72711
-0.381736
0.477743
5.283
0.181576
3.26352
1.51325
0.00160776
0.439647
0.287938
-0.795938
-1.05039
1.20092
-52.766
1.68035
-1.50101
4.4914
-0.247251
3.48211
-3.09831
0.0297225
4.34756
1.02134
-0.829411
0.276668
0.6537
3.07912
0.141796
1.32491
-0.569266
0.336246
0.597605
-1.50456
0.345659
-5.53926
2.00272
-1.1663
3.84797
-1.07156
-1.75816
0.412006
-0.474715
-0.136485
2.26441
11.5853
-0.280728
0.550049
-0.107918
24.0509
2.64626
-1.15238
2.1535
-15.639
-0.401486
0.7954
-0.519529
-8.25045
-0.422526
-0.209838
-0.203999
1.01306
0.563403
0.619081
-2.01665
1.9924
0.667004
0.594034
387.561
-0.508213
1.6371
0.17684
4.81615
0.812591
-0.45302
1.54025
-1.7584
1.19514
0.0975412
1.36544
0.599241
7.31002
-0.33012
0.840495
-7.18781
-0.624894
6.39609
-0.502535
-0.206519
0.806353
11.8017
-0.652983
2.08618
1.76693
0.0528093
0.858614
-0.238457
-1.64395
0.117447
1.41198
0.114312
3.94917
-6.72878
2.23285
2.02285
4.67922
-1.72136
-1.00557
-5.47418
-0.67443
-1.36827
-1.38768
-7.11579
0.3268
-9.53943
2.00144
-2.0436
0.736525
0.0263791
-0.980248
-2.47113
1.0864
6.75085
1.05281
0.483312
-1.66484
1.28527
0.74294
0.020699
0.639694
0.0809109
-2.47697
-0.328969
-1.49705
0.658514
0.241415
-3.49512
-3.2079
-2.64276
0.145612
1.22891
9.8335
-1.16171
0.675078
-0.141958
0.148021
-3.30066
1.18745
-2.24476
0.778916
2.67515
-1.63693
1.32986
0.0785717
-1.76013
1.49219
-0.568481
1.67437
-0.305106
-2.81258
-1.09095
0.659141
-0.574939
-1.25966
0.00986909
6.32526
1.50254
7.26634
-0.890405
-2.25676
-1.94657
0.208926
-0.660024
10.0925
0.0941501
0.276452
0.419042
0.199132
-1.37616
0.108806
3.58584
2.91683
-1.18584
-2.11128
0.176829
0.857925
0.022702
95.6561
-0.000506364
0.613859
-2.04875
-28.8498
0.86177
-0.693525
0.05112
-2.73268
0.836539
-0.0497298
-3.0632
0.0998704
-1.20646
2.47377
0.276171
-3.65688
1.52808
-0.806875
2.97114
2.41334
199.192
-3.80109
0.259942
0.554272
-5.2038
0.562237
-2.24901
2.18863
-8.60502
0.531545
-5.52515
-2.41352
0.196436
-2.40221
0.159767
-2.10475
3.97823
-0.964667
1.15693
1.08831
0.442214
-3.20724
1.20013
-0.842246
-2.94074
-0.358487
1.67242
-0.513886
-2.75138
5.4615
-0.718387
8.7432
-1.03112
37.9815
0.244795
-0.948381
1.71718
-0.812742
0.785795
-0.0626752
-2.87074
-0.45338
0.516177
-0.613007
-1.73708
1.07675
4.45209
-5.79216
-0.666835
-0.425444
4.79339
-0.180641
-7.72699
-0.66472
5.24586
0.496165
5.87756
1.19273
-3.91067
-0.665872
-1.53406
0.839244
1.63034
-78.0006
-0.199075
0.614768
-0.501458
0.0117568
-0.150183
-26.919
-0.402863
0.367193
-0.0688484
2.21331
5.21911
-0.967406
-5.07511
1.8521
-0.214858
-0.458726
1.38403
4.10082
0.528872
-2.75747
-0.849761
0.752264
-1.67992
-0.272869
0.221653
0.0809736
21.1801
0.266287
0.710478
-1.16565
-1.94767
1.25015
2.05616
-0.654348
1.62248
0.348081
0.588536
-0.464049
0.162914
0.968967
-1.25801
-0.545645
2.75889
0.0548088
0.0241434
0.693779
-1.19294
-7.93577
0.765625
0.562601
1.55738
0.808855
-0.949715
-0.549347
0.0779638
-0.531789
4.09591
-0.562747
-1.00353
-6.57316
0.108159
-0.56774
0.534087
-1.40136
-0.154017
-0.151552
1.34023
-1.28266
0.272525
-0.0185693
-1.72582
4.35001
-2.30306
-0.44497
1.05289
-0.925446
-1.34558
15.5878
0.866711
1.29997
5.05775
0.464285
0.531654
-0.158299
-0.531826
2.3343
1.6687
0.577227
1.52324
-0.0684088
-1.26276
-1.27286
-0.425512
-5.66965
-3.90218
-0.911927
6.89159
1.38221
-0.706323
-1.05708
1.06314
1.0004
-12.3033
1.32197
-3.03877
-2.28456
0.0782773
42.3996
0.96263
2.2045
20.4517
0.00400842
-0.807187
1.10848
0.226988
4.85201
5.39809
-0.949114
-0.618231
-0.358988
-10.1378
0.453012
-0.367469
-1.23728
-0.908606
0.89393
1.23355
1.00071
0.43917
-0.603896
-1.60177
-1.40989
0.297923
-0.669728
15.0396
3.03346
-0.956961
0.602533
1.21141
0.189629
0.311607
-6.94453
-5.03655
0.972614
2.66865
-1.80384
0.641562
-0.43045
3.00803
-2.49993
0.506383
-0.238993
2.2679
-0.857554
6.87997
0.196243
-0.912834
0.552925
0.299822
-0.595538
0.701899
0.259365
1.42535
2.68128
9.7506
411.521
6.40133
-0.384891
-3.62951
-2.56988
-3.84212
-0.480381
0.325051
0.626406
0.239714
-0.410609
1.76454
-1.20337
-4.79654
0.374293
0.566529
0.855464
-1.93405
0.0910937
-6.17346
0.0377557
-1.21398
0.0706588
-6.03611
-4.25955
-1.1288
-0.57497
-0.502518
-0.799616
-2.60789
0.379906
-1.53753
-1.4314
1.34212
6.71478
-0.225035
4.76197
1.0826
0.773811
44.1649
-1.58099
-0.835106
-1.63114
4.56479
-0.0886156
0.842054
-1.25668
-1.12442
0.330075
0.12508
-4.3756
-5.16277
-0.0194467
-8.37121
-0.950336
0.339524
0.0313896
-0.586959
-4.52109
0.0366698
-1.50281
1.14915
1.48295
-1.98092
3.21831
58.2229
-1.56923
-0.38634
-1.55079
-1.25166
-0.147333
7.27517
3.7182
1.0422
0.260963
0.248648
-1.65988
-1.02018
-0.376462
1.82297
1.35481
2.25586
0.407757
1.9709
-0.829854
-1.4682
0.392402
2.38163
0.230615
-7.77471
0.712072
-2.20476
-1.80624
0.207274
-3.1877
2.01849
6.91928
-1.58913
-2.3877
-3.67725
1.24413
0.381454
0.818818
0.676488
1.17088
-1.48272
-0.0497367
1.79504
0.601429
-1.32354
4.54382
-0.113253
1.08618
2.10925
-0.468559
9.3498
-1.08754
0.855455
0.50166
-0.00431208
-5.25854
-1.30514
0.686205
-1.09
0.243957
-9.27124
1.48624
-2.64269
-0.662752
0.00417085
-0.827769
-0.277501
1.33113
-2.26876
3.08904
2247.14
0.375994
-1.30972
-3.42932
0.449063
0.095207
-1.08624
-2.83199
-4.79003
2.24983
0.21658
-0.76012
-4.93609
5.41624
-0.933751
1.18516
0.109854
-0.0290271
-1.86749
2.22888
0.0848715
3.72793
-0.790683
12.2653
0.311214
0.171396
1.75869
1.61491
0.256593
0.636814
0.22999
1.70089
-0.239014
0.333449
1.80351
2.10721
-3.36463
-0.357377
1.9389
-0.191079
0.420567
0.149112
-0.437273
-0.673222
1.63359
0.290634
-1.01036
0.820591
-1.30159
-112.289
-7.22997
9.81372
0.812988
0.555342
-9.18609
0.692487
-3.2189
-0.185442
1.49792
-1.26106
0.370448
0.355995
0.0204973
-2.09529
2.36882
-0.210803
0.096359
0.0268031
-8.37994
0.387827
4.9762
-0.0826641
6.71875
-3.2524
-0.776221
-5.84219
-0.866078
3.4863
-1.41849
-5.73568
0.70579
0.467024
1.4518
1.90391
-0.129509
-0.248477
1.77102
-15.9505
-2.606
0.557608
0.707979
-3.74409
1.01291
0.964031
1.9401
1.6365
1.24334
-0.215387
-0.904819
-3.31896
0.485274
0.660765
-27.7012
-0.053685
-1.00327
-4.46789
0.62854
0.309676
-0.0578774
0.307341
1.98813
0.0569996
4.05751
-20.3515
0.722544
-1.49519
5.18158
-0.549293
0.182865
-0.984939
0.732636
0.620288
-3.44521
-0.106425
0.89679
0.16085
2.8472
31.1776
1.63185
0.110748
1.08329
-1.96899
-1.21014
-0.592389
-2.28092
-2.64926
-0.0885528
-0.510723
-1.34146
7.09869
0.682122
-1.17961
-0.494437
10.5582
-0.346433
-0.423632
-0.337409
1.62176
-2.45999
0.915382
-8.93403
0.622201
0.145213
0.798883
-0.0492747
-0.548524
11.2578
-2.93156
1.53513
1.46362
-3.26702
-1.83454
1.05981
3.62943
-1.89072
-0.153563
0.171143
20.3415
-0.158223
1.47099
-1.4282
-0.23786
1.49428
0.790652
-0.578461
-4.19835
-8.9607
-46.4608
0.784069
0.35831
0.479724
-13.1186
7.5744
1.07835
-0.376612
2.87667
0.458563
-0.0315962
0.515679
-0.281301
0.481662
0.592219
2.17671
6.44096
-0.376831
0.365904
-47.2945
1.25108
-3.35571
-1.27335
1.25106
0.472268
-0.666976
0.828227
-0.545703
-0.948569
17.9609
0.576996
-4.37647
-3.44869
2.49979
2.26915
-0.561348
2.53985
6.8358
1.30408
0.51793
-0.0721489
1.28469
0.685453
0.734693
0.938578
0.567116
0.0401818
1.67402
-0.251331
0.394792
1.47648
0.940138
-0.631493
-1.51515
3.35164
0.0673812
-0.768821
0.208301
5.61785
0.5457
1.31684
-3.65723
1.53541
3.78381
2.21965
-0.225465
-0.286258
-0.187952
0.586913
2.78006
6.30071
-0.294496
-0.922739
0.835431
-1.2397
0.635383
5.63468
-0.614442
-0.443709
3.10131
-0.128018
1.73441
2.01854
-2.68706
-0.0547468
0.637172
0.327402
0.284506
-5.88747
0.504335
-0.387484
0.948444
6.50286
-69.8237
0.281505
-3.07382
-1.1213
0.522536
-2.34981
-0.267272
-2.39946
-0.373553
1.89057
0.171757
-2.9631
0.46639
0.535346
0.165724
1.56159
0.211028
-3.65209
0.0142429
0.881863
-0.258935
-0.488367
-1.26429
-4.46588
-0.629707
0.371133
-16.0793
-0.874419
0.436618
-2.74776
-0.937473
0.123785
0.452105
-0.0238327
-1.40183
0.764605
0.494734
-2.09579
-0.181947
-0.715523
0.107642
-0.0513863
-0.717067
0.197873
3.03719
-4.48095
-0.43962
-0.179868
0.450437
-0.893295
-0.289271
7.34318
0.0199748
1.14194
-2.16992
6.68408
6.60839
-0.395585
5.73129
-1.49176
10.7701
-0.235596
-3.66874
0.0462615
-0.666768
0.479929
1.43287
1.19851
5.52849
0.124653
0.134674
1.10137
1.71348
0.663757
4.77989
0.716466
0.224945
-0.176525
1.80351
0.133205
-0.523494
-0.365879
-3.61361
-3.62302
1.07457
-8.92973
1.67727
0.0761887
-0.214623
0.800502
-0.500045
-0.241569
2.28826
-3.24976
-1.54562
-0.0780993
0.670265
0.29726
0.0973015
0.423613
0.917814
0.599218
-0.438118
-5.79373
-0.603725
6.63417
1.66092
23.9073
1.71894
-0.0499594
1.47806
1.96007
1.53569
-2.81847
0.230625
-0.587332
-0.84751
-0.866287
-5.91105
3.63479
-0.939831
-16.6045
0.424398
-3.41051
8.13575
-0.238001
3.86215
0.517435
0.186603
2.51837
77.815
-1.01033
0.642998
-14.4346
0.43208
-0.332188
11.4621
1.10245
1.0095
-0.418586
-1.33734
0.802731
0.463208
-0.0448649
0.493789
1.31582
2.58125
-2.90219
0.12636
0.242831
0.0935145
7.83709
3.2331
-0.194822
2.22586
0.0924963
-0.544546
-1.82858
1.02043
-0.278667
0.571063
-0.915396
2.55342
5.41878
-0.779753
0.493202
-1.68025
0.664413
-1.47025
-0.512832
-0.17969
-0.128808
0.385547
3.54437
-0.142228
-0.568126
0.238495
-1.22532
4.16426
1.7359
-0.00395402
2.06697
-1.31873
4.38334
2.07874
8.98015
6.8621
0.692233
4.12303
-1.56326
-0.57984
-0.85
-0.176267
0.527478
17.6155
-1.42583
3.03236
-1.55427
0.716128
0.752059
0.510657
2.20217
-0.146689
1.5322
-0.652526
1.88695
-0.530886
-0.187679
0.284648
-0.0845981
6.27369
0.490361
0.725364
1.10702
0.670241
-33.8502
-0.375295
-0.0645453
-0.215294
-1.91942
-2.07309
-6.07063
31.0362
-0.253345
0.981719
0.926184
-0.768148
5.29257
-1.03812
-0.215663
-1.91587
0.400282
-0.956218
-5.88839
-0.904276
-0.187059
0.331217
-0.53574
-0.299258
-0.335499
-0.0225151
-4.9784
0.0529943
6.93657
0.0711156
0.659968
1.44752
0.163518
-130.438
0.99206
-2.428
0.961727
18.1623
-0.469838
0.440034
0.848823
0.0431168
-0.727571
-2.84911
-1.32994
0.331039
0.0414072
0.932943
0.892945
-0.516966
-0.589796
0.684043
-0.549471
-0.29881
0.669696
0.869989
1.04626
5.78337
-1.37537
33.8544
3.9484
-0.0133812
1.26591
-0.505989
-4.64919
0.486315
-0.477677
0.129657
1.77629
-0.515241
2.89711
-9.39179
-0.795348
-0.278686
-1.04928
-1.80028
-2.24286
0.0786097
0.242441
0.286611
-0.0944502
-2.96828
-0.661877
0.102828
-1.04625
0.778656
-0.661674
-1.06781
-0.168581
6.1539
-0.753979
0.175151
1.31693
0.722765
-1.75492
4.24454
33.7905
0.194882
0.310376
-5.15034
-1.00824
1.16247
0.451416
0.0805529
-0.0717514
-0.181998
-0.74676
1.14947
-0.326918
-1.75917
-3.14188
-3.53306
0.570222
-1.73708
1.4579
0.0906017
-0.14623
1.21615
1.84139
-0.0361896
-1.5378
1.41842
0.466214
1.03124
-2.21976
-0.980139
-8.62491
20.5984
-1.44591
3.86996
-0.829223
2.5682
1.23048
-0.129696
0.220082
-3.82031
-0.0458573
-0.0478188
-0.234622
-14.4211
373.749
-1.62648
0.980377
1.83088
-4.87186
-0.0810239
-1.13547
0.206051
1.74241
-0.90543
-0.247039
-0.749957
3.28656
0.0941279
-0.776663
0.181885
4.72869
2.84876
-19.225
22.971
-0.954894
-2.74944
0.0959199
0.969749
-0.316252
0.507447
-0.628704
1.42663
-0.415035
1.70507
5.26544
7.42992
-0.234551
-1.29374
1.46231
-0.774657
-2.71784
-0.717924
-0.0818832
-1.81561
3.7469
-2.79087
-0.289898
-0.657021
-1.28533
0.8979
-2.08879
5.2336
0.307884
0.422521
-0.139354
0.81667
0.0412219
1.19007
-0.0314178
-0.204052
-8.3062
-0.511451
0.358713
1.52886
0.511535
0.561631
-0.830128
1.48766
-1.11756
47.3569
-1.425
16.2321
20.2277
0.0415457
-1.10109
-1.13088
-1.88571
-0.679589
-0.529116
-0.010022
1.33242
6.33344
-1.37202
-548.195
1.52918
-0.0350445
2.07456
1.05029
1.60498
0.13896
20.6925
-5.76366
-12.1547
-0.430423
0.0548742
0.0879624
-0.582062
-0.0206314
0.0564732
-0.986888
8.87327
46.6206
-33.3486
-0.0865494
2.58851
-11.7699
1.09069
-2.53729
-0.714834
0.0334387
-0.895972
-0.189105
3.51512
-0.175194
-6.95121
0.29354
-0.543426
-0.460096
-0.488757
-3.55239
-2.29404
-0.11698
-2.23396
-4.98785
-1.56155
0.811134
0.286351
-0.562252
0.110008
0.231005
0.156046
0.51235
-0.0237994
0.570993
0.715067
3.29562
0.281009
-0.0288805
-4.00372
3.36542
4.26176
-0.228763
-0.530986
0.519073
1.64823
-0.108412
-0.0149332
-0.0842652
0.356197
3.3046
-0.866874
2.02272
1.13797
-1.68349
3.25673
-2.98919
0.00597982
-0.697495
0.95331
0.708264
0.183226
-1.0037
10.9364
-0.405197
0.804264
-0.769614
1.03245
-1.2834
-0.909559
-1.71891
0.360679
56.051
-5.58512
-2.57595
1.58857
0.724061
-0.794462
9.65758
-0.119016
-226.503
-0.896792
0.171072
0.94511
-0.826905
0.080644
1.0192
0.368195
0.286703
0.0232173
-11.9912
-47.3224
0.311332
-0.060969
-0.721834
0.56703
-2.58021
0.514484
-0.319476
-23.2089
8.73939
0.12
-9.61281
-0.691448
6.09117
7.97874
-4.40708
-0.781946
-0.927708
76.1085
1.29398
-55.8083
-0.615508
0.276322
0.344304
-0.338857
0.841412
-0.149996
-0.618987
-0.466248
-4.1578
-1.2967
-2.3186
-4.16968
-0.187039
-0.887755
-1.2435
-4.57757
-1.26631
3.36445
1.2302
-0.0167211
3.05898
1.4476
-3.7894
-1.66054
0.46725
-5.33528
-1.91443
-0.845934
-3.69528
-3.08679
-0.699888
0.252175
-2.67833
0.951859
-0.309988
-2.10641
2.50285
-0.128093
-0.673107
-0.193343
-0.346805
0.794604
7.79637
0.635978
-0.613186
-0.376958
-0.185179
-1.93426
-13.1837
0.130362
-4.37097
1.72743
-4.89098
1.79176
1.95756
-0.986373
0.459954
10.5221
-0.414469
-1.79881
1.62097
0.609843
0.0424265
-0.0910096
1.51721
56.8088
0.317496
17.6615
-2.08132
0.479969
-0.12371
0.514478
0.217723
-0.127858
-19.0594
1.30692
0.744219
3.43848
0.311281
-4.07608
-0.631619
-0.770255
4.85607
-0.871282
0.400686
0.314091
-2.14217
-4.47998
2.72077
0.656349
-0.00173064
-0.325816
1.38708
-1.16061
0.362055
-0.164252
-0.259198
0.913718
-0.0428601
4.57068
-2.87504
-0.392584
0.130788
0.324316
-0.000582021
-3.63583
-0.470445
0.438297
-0.0993829
-1.70881
0.443019
0.18909
0.679794
-1.34476
1.7862
-1.14971
-0.708379
-0.493734
8.60849
0.0139673
0.549362
2.55175
-0.0421446
-4.03597
0.481095
-1.37648
-24.1801
0.267883
1.10559
-0.218602
-0.137471
20.0447
-1.23964
-1.47431
1.12941
3.49897
-0.233136
4.67939
-0.540426
0.0250369
-0.270843
2.26901
12.0056
4.37255
11.597
0.449182
-0.360648
-0.237139
0.0501448
-8.44198
0.709558
-2.68667
1.11241
-0.455851
1.15083
1.22377
1.67284
-0.0280991
1.8622
-0.790005
-0.475013
-0.190191
0.00405268
-1.79007
0.219508
-0.593797
5.19545
-0.298746
-1.82788
-1.56535
0.648844
-0.075392
-2.61126
0.934529
0.321413
2.38346
0.825133
0.454524
-0.776579
0.341395
-3.75214
1.93497
-0.200896
3.15522
-5.03718
0.481608
-0.38111
1.32965
-2.23494
10.4984
2.40491
0.0998005
0.791909
0.80498
1.64071
0.435114
2.19423
-1.63651
-0.889951
-1.19398
-3.74067
0.370439
2.47844
1.49374
-1.54624
0.678891
-3.06393
2.89071
0.609143
0.858356
1.88668
1.31374
0.506121
-2.2853
0.257189
0.122255
-1.307
0.475372
2.85421
0.333782
11.2434
-29.5145
5.35272
-0.885492
-1.18441
-0.346302
0.122558
2.61309
-0.00120556
-0.551748
6.17555
2.15462
5.47288
-18.0739
5.37363
-0.669252
4.80856
-0.120171
0.693512
-0.190962
-0.84771
-7.81425
-3.81261
-1.89141
0.854173
0.0211667
0.337503
-26.3785
0.801314
0.117429
-1.38162
0.882462
0.440781
-10.1579
1.42296
-6.59025
0.169117
-0.935356
-0.221015
-508.193
1.56646
0.197407
-0.277491
-1.24663
-0.352216
-1.19406
-0.0347679
-0.294363
-0.112988
1.37318
-1.47452
0.999915
-1.46755
2.29853
-0.184608
-0.300352
-0.388763
-0.960658
-5.05806
0.929544
-0.935416
0.930669
-1.82833
2.86839
-0.253248
-8.65429
-0.0456308
1.58311
0.169083
-2.95575
1.77845
11.6799
0.0155237
-0.529063
-0.66508
0.0139356
-0.612281
1.04549
-1.92965
-2.78929
-3.16654
-2.43939
4.90905
-0.382337
2.08995
0.23317
-4.91854
1.42832
0.31135
10.4625
1.32472
-2.75967
-0.852099
32.4103
-7.7761
-0.0903078
0.713205
-1.63884
-6.30372
6.47895
0.709209
6.01381
0.28136
-3.068
-2.49063
-0.485772
-1.37411
-1.54457
11.4553
-1.8571
-0.583974
1.03166
-0.961755
0.798986
0.756007
-0.158762
-4.3835
2.61011
0.508805
0.736227
-1.06481
-0.168735
-0.552947
-0.0178502
1.43258
0.374414
1.57954
-0.720022
1.44685
-0.748482
2.22298
-0.274724
-7.74434
-1.70253
-7.5819
-0.128993
1.43963
0.269743
4.44736
1.19929
1.185
2.80794
-0.800167
0.315403
0.815999
-0.319496
0.187397
0.0922539
0.234062
0.287273
3.87392
0.598957
0.846192
2.12201
0.210224
0.583373
0.513145
2.58008
-0.659051
1.29942
3.93305
0.0739534
-0.681181
-1.44183
0.80466
-0.00360857
-1.27573
-0.193769
-2.73994
-0.974903
1.10403
0.650159
-7.62104
4.24505
0.162209
-1.38401
-0.866423
1.08019
0.537053
-0.756964
0.623784
0.321381
0.508667
-1.27738
-0.814723
-1.67209
0.0360466
0.776813
1.1269
0.0726893
-2.02189
-0.494438
1.06459
1.71414
5.77051
2.25043
4.38156
3.19521
9.62302
-0.505237
25.0479
0.00466618
-1.35204
2.66144
-0.513742
4.27472
0.773875
0.521753
1.21642
1.66617
-7.2876
1.57437
3.68794
-0.346617
-0.730498
-47.6565
3.67933
1.49425
-0.219077
-0.59193
8.36395
-0.473993
0.152252
-1.7984
-1.11317
0.428366
-1.90373
-0.318608
-0.00498407
-0.506075
-0.590824
-2.89643
4.10326
1.3859
-0.0163744
0.508485
1.0391
-3.76713
-0.070293
0.397821
0.422752
-0.738966
-0.384179
0.318759
0.750289
2.07083
-1.20926
1.14009
10.9363
0.37473
-5.17671
0.485964
1.7056
-3.94567
-201.749
-1.2038
8.2519
-0.510111
-1.13118
-2.30748
3.46477
-0.129378
2.02958
8.32427
-1.11138
-1.87508
3.0093
-2.10332
1.07766
0.232118
-2.09911
-1.45177
0.238093
-0.946271
0.560711
-1.07905
-7.8657
-0.0346552
-0.14294
0.522281
-0.396103
-88.4967
-3.59684
-0.327097
-60.7196
-2.09588
0.784
1.10933
0.771782
-5.38059
5.20074
4.36787
2.94559
-11.7607
-3.47345
-0.529648
-0.0527587
-7.17787
0.403302
78.3508
-6.5728
0.551989
-0.614919
0.213902
-21.7417
-0.261115
1.97719
2.24075
-1.28352
-48.7432
-2.52083
-1.22148
0.124818
-0.153398
1.68142
0.471006
0.486824
1.50551
3.78372
14.8569
0.758954
-5.77884
0.102688
0.288256
0.103422
-0.162017
-2.26729
0.917317
-3.90986
-2.48302
-0.0163697
1.75293
50.6904
-0.24606
-3.40936
0.173971
0.396994
1.81549
0.0716769
-1.17331
0.119377
-0.628709
-0.413017
65.3585
1.86985
-1.5627
-2.14456
1.57923
-1.24647
-0.560772
-7.79721
-19.3819
2.45048
-0.0306919
-1.16868
-0.358684
2.38644
-29.7118
-0.909939
0.44278
93.0249
0.663068
-0.567933
0.856819
8.62357
-2.73137
-0.377064
2.90779
-0.352064
-1.51804
-0.185812
-0.133568
-2.14976
3.22068
13.8533
0.311898
2.1746
-2.23583
-0.0066018
-0.462359
0.133085
-1.08747
0.569841
-0.414182
7.33389
54.8026
-2.18465
2.06156
-3.3059
-4.4672
0.620393
0.243357
0.527818
2.91308
-7.72893
0.277594
-0.441602
-2.03037
1.45999
-0.335743
-2.86207
-0.0849142
-2.96581
0.326064
0.78141
0.0966502
-0.2534
-0.29657
-1.67104
-1.44613
-0.559319
0.546394
-2.33954
0.998971
-0.478758
0.195533
0.0657843
-0.711228
0.672762
0.814506
-1.78269
-2.55824
-0.864805
-0.980592
6.12288
0.949733
-0.393251
0.120949
-0.00246591
0.939156
0.885661
3.25337
-1.78957
-0.572879
-1.04344
1.052
-0.53266
-0.289656
0.584056
1.98776
1.64018
0.56368
0.207567
0.0789606
1.02915
-0.329001
-0.616375
-3.3906
3.02342
3.13971
-0.10609
-4.85442
-7.2795
0.865276
0.225531
0.576478
-0.248257
1.33435
0.0164712
-1.35787
-2.12586
-1.75673
0.912497
-4.06854
1.58289
1.24258
-0.729346
19.6426
-0.509527
0.715832
-0.131763
-1.27699
-0.0438523
-21.743
-0.724655
-3.54175
-0.524154
0.681213
2.95464
1.42568
43.2183
0.590617
0.129017
0.709989
-0.2942
-0.419719
0.626653
-0.416088
0.306837
0.675033
-1.77488
5.08142
5.53005
0.460402
-0.302085
22.2975
2.00361
-0.0100908
1.84822
1.9537
-2.51655
-0.367549
-1.30903
-8.32431
-1.44694
2.39125
1.63379
-2.35518
-2.53355
6.28158
2.13053
0.0211192
159.516
0.117359
-0.997944
0.571327
2.68396
-1.89941
-0.458438
1.40205
-0.226201
-0.418993
0.437875
-9.10135
0.283896
1.9371
-0.170268
0.141304
0.246197
0.288307
8.07575
0.78953
-47.6046
0.299104
-0.0168938
-2.56887
1.25148
-0.811738
0.95328
2.21106
100.679
-0.787228
0.396033
3.83004
-22.297
-2.00228
-0.1766
-20.3709
1.62033
-0.405324
-1.33792
0.415306
7.33589
-2.39675
-0.496468
1.82053
0.77239
-2.54674
-2.30131
0.983526
-0.728945
3.64582
0.370845
0.634517
-1.18822
-1.36935
-2.31284
-19.3426
13.112
-1.28777
-0.523229
-1.51695
-0.742141
0.725924
-1.4365
8.34911
0.19215
0.0890771
-1.49077
0.828829
0.255944
-8.01635
1.69379
-1.24077
-6.98798
-0.661344
-0.76836
1.80997
0.318597
-1.44031
-3.0702
0.891257
-1.92914
2.14251
4.80686
-0.919455
1.1439
3.99777
1.50279
-1.49997
-4.92484
-0.629523
-1.33079
-0.634413
0.720536
-0.73091
-6.50361
-0.496432
23.715
1.13642
4.31685
1.4709
-0.567363
-1.52584
-1.03808
-1.68511
-0.65301
4.08099
27.2944
0.626098
0.625894
0.54879
-0.0342265
0.562671
-0.599548
0.543658
0.0332216
0.904363
-0.343522
0.782313
-0.413148
0.53488
-0.699179
-45.7101
6.41666
8.36447
-0.0644919
0.637746
1.14993
0.0730764
1.2426
0.793066
-2.62041
0.721447
-0.209434
-2.01105
-1.1077
3.04045
-1.28369
1.7962
-0.551796
-2.30489
1.02158
-30.5472
-0.373164
-0.197424
0.807356
-1.41486
0.346226
-1.68561
0.149812
0.251381
0.350688
-0.859365
4.46197
0.591917
-0.802577
1.75343
-13.3368
-0.255147
0.247524
2.04601
1.33526
0.475247
-0.720326
0.757073
-1.07572
0.612236
2.28361
-0.787817
-1.31802
2.551
-4.04381
-26.51
-9.84287
-0.598113
0.454501
-1.3118
4.81096
-0.538623
-0.469959
-1.35977
-0.348007
1.19798
0.610471
0.117055
1.3714
-0.889632
-1.46398
0.739523
0.354798
0.752776
0.487819
-1.03207
-0.638315
18.6316
0.606842
1.14744
0.0478242
5.22718
-3.81536
-0.214449
-1.5893
0.363816
9.03512
-7.94055
3.97073
0.363566
11.0709
0.834769
1.08187
1.21711
5.12422
-0.167266
1.65196
-0.369912
-2.6152
17.8261
0.859798
-2.58905
-0.468764
1.64647
-0.12669
-3.16931
-0.724731
15.0729
-2.57008
-13.5589
-4.16569
-0.440578
-0.537021
-0.236639
-0.559953
-0.180965
3.52094
2.51612
0.742147
0.453591
0.312127
0.850369
-0.0391043
-0.019259
10.101
-0.534536
0.505798
0.508007
0.0463624
-0.960142
-0.21303
-1.97819
-0.224857
6.06721
1.68201
2.23044
-3.67714
-0.226017
-10.1295
4.79833
-0.625748
0.399231
-0.0972608
0.346399
0.133534
0.746806
-0.369428
-0.665038
1.06771
-2.06598
0.145636
0.612775
-0.538653
36.6852
-0.168342
1.26158
0.129253
2.14679
-19.9611
0.0169805
9.21748
-0.489048
-0.946993
-2.67103
-1.9957
-1.16243
1.61276
-1.15167
2.38627
1.75142
-0.577097
-3.06643
-1.1307
4.63652
2.36053
0.125241
0.426527
-3.54195
-2.82344
2.27213
-0.136828
0.114863
0.425835
-1.54006
0.606646
-0.282373
-0.248449
-0.27316
-0.666222
0.050585
1.5473
-1.4775
0.391701
-0.0263803
-2.59329
0.305732
2.89145
0.861206
1.54941
2.06101
16.7585
3.45328
-0.330915
-0.271741
-22.7334
-2.00811
0.974673
0.552038
-0.775231
-1.67638
-0.223226
1.18034
-4.60114
0.715719
-87.2515
12.6092
-1.22455
0.0590799
1.18489
-0.419843
28.4461
0.751272
-3.7792
0.239579
7.80654
-0.261922
1.12179
0.404341
-0.460161
-0.451138
1.41771
-0.0864159
-0.0825623
-35.1939
0.451665
4.55818
-0.664992
-1.15235
1.93207
0.299927
-0.35986
-0.978764
-0.523219
0.451849
-3.00867
-0.472291
-0.341528
-1.07598
-0.38043
2.10573
-0.0726399
-0.824706
0.214071
-0.292593
-6.43861
-1.97817
0.531089
-0.628002
-2.18388
1.28249
-0.0483087
-0.766375
1.16239
-0.958004
1.04734
0.590486
-11.3977
-0.770087
0.921161
0.543755
0.152773
15.9585
-0.0354162
0.473135
-22.6015
-2.41829
1.06609
0.685297
0.527446
-4.60119
1.34408
-2.59008
-1.03568
0.492088
-1.78045
-4.32419
-3.69459
0.409604
0.819829
0.681453
1.66955
-5.14872
0.430231
-1.08351
-0.311999
13.6946
-0.862553
-1.6124
-0.592764
0.102506
-0.948223
-1.34025
0.333129
0.222659
2.84359
1.75214
4.84429
-1.10633
-0.550973
-0.318077
4.68464
5.20408
0.0110284
2.2475
-7.39917
7.04279
-1.14784
21.4364
0.200303
-1.0523
0.675926
0.232074
-1.12316
-1.77339
-0.136934
-2.5336
8.29766
0.19587
-0.0898506
-0.982146
-3.36957
-1.30477
0.0318532
0.598215
-0.369076
-0.0281978
-1.17881
0.338421
-1.1445
0.173028
1.24692
0.328484
0.206406
-2.2951
8.65781
6.6953
3.06022
0.254008
-1.68164
-1.57061
0.77811
1.19654
1.86815
-1.2898
-1.32234
0.116498
-0.26781
3.4175
-0.262598
-2.51399
-5.88628
2.6798
0.0931127
1.66506
13.6423
0.656094
0.321172
0.878389
0.0559579
4.75772
20.8104
0.500953
-0.376368
-0.270717
0.545099
-3.47679
1.36734
0.0357016
-4.84928
-0.0046501
-0.424886
1.73493
-0.312022
-1.08373
-0.238809
-5.4078
-0.48705
2.17823
3.00655
1.00408
1.12791
-0.29885
-0.0223353
-0.780804
-1.18224
0.39842
-3.57341
-0.114874
-0.297905
1.34
1.78672
2.24657
0.763961
-0.0622
0.412126
-0.440245
-0.311986
0.958089
-0.597534
0.392143
0.0184155
1.99069
0.334019
-1.67241
4.78453
-1.04356
3.09367
-1.47763
2.73651
-1.816
-13.5839
-0.544049
0.226408
0.886418
1.63763
27.569
0.537743
0.386872
-1.34721
0.367433
-3.92067
0.296629
-0.264525
-1.23705
1.85587
4.44796
-1.64389
0.0215531
-3.78755
1.06463
2.29322
0.243281
0.925216
-0.710557
1.76822
2.78399
0.89895
-2.31871
-1.09966
-4.069
-5.05776
-0.156579
-3.17367
0.226738
0.660853
-0.690592
0.804008
-6.00792
0.290048
-5.88049
0.034781
3.63743
-5.97794
-0.0994231
-0.599616
-1.65921
-0.360514
-0.463313
-8.01624
-0.720755
1.34984
0.984784
1.50659
1.6035
28.1013
-1.12782
-0.117347
-3.94819
-5.84927
0.830219
-1.40884
1.08266
-1.24176
84.5566
0.710026
-0.271781
-1.07377
-4.87482
1.32324
-0.169948
-0.89875
-3.36502
1.42169
-2.1385
-0.0614796
-0.0536974
0.560383
1.24145
0.337441
-0.837995
2.00584
-0.783092
3.37291
-0.314475
-0.0608285
-0.040113
0.744166
0.904095
3.07432
0.521746
0.397832
1.46312
0.634152
-0.292269
-0.369226
-2.86911
-0.274599
-3.38995
1.23474
2.58836
-0.877518
0.0731163
-0.113373
2.24078
-1.6429
1.95208
-1.12982
1.93752
-0.995613
-0.60879
1.19385
-10.2481
-0.666065
-0.0559461
-1.57097
0.344152
0.937192
0.220008
-0.390596
-0.118629
0.330543
-0.754161
-1.11423
-0.588354
-5.72335
-1.1123
0.0538558
0.0512192
-0.993357
-0.108168
0.641513
-0.778132
1.57686
0.496459
-0.437426
1.89626
0.278659
-1.18834
-0.514512
0.256529
2.85198
0.155995
-2.55827
0.373015
1.18055
0.115159
0.477044
-0.142786
-0.301257
1.00539
0.996869
-0.908867
-0.103803
3.04653
-0.572269
-1.12468
0.123355
1.56512
-1.08716
-0.585529
0.510046
0.860315
0.689335
0.304465
0.938674
5.94968
-0.738606
0.0523843
-0.428948
2.49773
16.6438
-0.565061
-2.57095
1.51656
0.72247
0.0516593
55.1546
0.588429
-1.915
-0.966798
-0.268441
1.93228
-0.862042
0.548175
0.496664
0.107725
0.132752
-9.96479
0.295576
1.59581
-1.03276
0.155036
-1.48327
-0.694398
1.13914
-0.0983685
-0.381549
-1.29319
-1.00745
-0.359568
0.317408
0.793907
1.05067
-0.139564
-0.100759
-2.88035
0.0168055
0.531267
6553.59
-0.538373
0.678703
-0.174578
1.10012
2.69809
-82.1937
-2.50613
0.983099
3.10971
-2.24117
-3.57017
-0.578323
-6.73436
-0.890376
-2.04768
3.53289
-4.27875
-3.84312
13.398
2.26678
2.95555
-0.764963
-0.617273
-0.478997
0.952606
0.471097
-1.48238
-0.72416
4.67127
0.203464
-0.428849
-2.0683
0.735407
-0.584628
-0.0955278
-1.1412
1.56719
1.04633
-1.4549
-0.207023
-0.69455
0.000837712
0.125692
26.9084
3.67785
0.358616
0.888579
-0.6448
1.09184
-1.23226
-7.62892
-6.59919
-0.72879
1.31276
-1.70481
5.23937
6.28211
-1.17895
-2.42237
-2.54286
-2.89277
-1.85165
-0.010766
-0.857158
1.13564
9.40362
0.336416
2.04426
2.23375
0.449827
-0.281614
-0.198708
-2.05258
0.181172
11.3037
-0.509416
-0.67055
-0.832541
1.27301
25.9563
0.689443
0.452987
-0.436401
1.16926
1.69272
-0.0856669
0.900849
3.34292
-1.97767
0.0251123
1.50838
-0.235675
-0.305178
-2.38005
-0.0079155
-4.15549
-0.309172
0.738956
0.788642
-1.16427
-0.00777246
2.41547
-4.32131
5.63576
2.50263
-2.63752
0.988634
-0.880883
1.51741
0.800115
-0.127214
2.32677
0.735738
-0.727367
1.43187
-0.260208
-0.203283
-0.690066
-4.49174
-4.34035
1.92211
-2.48901
0.276648
-3.15681
-2.36597
-0.967773
0.637822
0.125622
-49.4037
58.798
9.75951
-0.0107468
-7.22838
-6.90943
1.1979
-0.310994
0.139089
-1.23768
-5.48292
-1.68331
-0.687863
-3.54002
4.22616
-1.28186
-0.377799
0.112263
-1.96554
0.593669
-1.87316
-0.942686
-3.92961
-0.444142
-2.5254
-24.0687
0.202836
-0.814599
0.0325001
0.969031
-0.0802716
0.336947
38.9311
-0.0721922
-0.00899166
-1.31292
5.1306
0.214444
1.94433
0.848713
0.95722
-0.239961
0.502237
0.257674
16.7831
-1.45565
-0.54262
-2.40305
0.171875
-3.24003
-0.31801
0.368193
1.41606
1.88112
-0.193039
0.388774
-0.0234207
0.325774
2.31362
1.63951
-6.11597
1.16086
1.19558
3.8701
-17.0734
0.036336
33.5473
2.25114
0.315681
0.241258
0.0689795
2.18777
-1.80297
-3.62078
-0.941085
0.697307
0.740568
3.95076
-0.522462
1.71697
12.4374
-0.205084
-0.105973
-4.73377
1.28289
0.123769
1.94623
-1.25877
1.68894
-0.397005
-9.63679
-1.25264
0.726644
-2.12777
-0.384542
1.24836
11.3325
-0.17895
-1.045
-0.668259
4.16946
-2.55608
31.4732
1.6768
0.267676
0.120186
0.990092
7.00469
1.2647
-0.576269
-2.0155
0.0716997
-0.499686
-1.33301
-0.758762
-1.25955
-4.85031
-16.034
0.312396
0.604223
-1.10748
1611.58
0.267971
-6.67504
4.82654
52.7761
-0.118461
-1.24983
0.762682
0.226439
0.501362
1.81443
-0.124575
0.689721
-1.00246
-4.80578
-0.256341
-0.756616
3.43393
0.558219
-2.22074
-0.733979
-1.77439
2.71176
0.268458
5.38666
-0.0972232
-0.0379363
-1.25927
-1.07063
-0.171267
-2.71602
6.11897
1.31016
1.97388
-11.5896
0.86494
0.52892
-2.25476
-1.76719
0.163585
1.59756
0.446159
-2.81843
-1.9503
-2.87729
1.17301
-1.0105
0.956412
-1.62888
65.1465
0.32104
1.08014
0.890345
-0.958941
-0.795538
-0.962895
19.7737
-0.998543
0.952354
0.569591
-0.554336
1.89853
0.360719
-0.864705
1.11212
6.59558
-0.0672037
-0.390362
0.039173
-3.63117
3.0315
0.195146
-2.01545
-6.96328
1.59661
1.06145
0.694894
-28.763
-0.0863558
1.63006
-0.277298
4.10481
0.664591
0.783329
-0.27049
0.0479488
0.216555
-0.274556
0.291189
-7.27087
0.675143
-7.43794
-0.331694
-0.143495
-0.0908381
-0.0537133
-4.92664
13.8941
-0.374814
-0.907182
-19.4049
-0.78694
0.0487575
0.125826
0.382859
-0.083087
-1.60597
3.35291
1.91644
0.651905
1.81418
-1.46114
0.777779
-1.45406
0.555621
-0.539966
-0.296503
0.390916
0.128611
0.25892
-0.880694
-0.585546
0.374566
0.505319
-18.4247
37.4531
-0.369328
1.05149
2.32609
-0.43837
7.51563
-0.268798
1.00294
1.03157
0.358972
1.48367
-1.08744
0.0821224
-3.34977
0.987734
3.1179
4.97244
-0.176948
-1.61984
-0.966211
-0.085064
1.15933
-36.1225
-10.0778
1.12833
-3.53635
-10.7054
-0.602702
-7.46906
-0.457131
-3.94136
0.932622
-0.315373
-0.00268862
-2.5406
1.36601
-0.00788454
0.798268
-9.11468
0.301426
-0.350461
-3.41504
1.01675
-0.0966526
-6.79239
-1.34313
-0.877542
-0.537522
-0.813856
1.05707
29.5005
0.782894
3.85295
0.0349244
-2.5947
-0.148234
-1.42704
4.66767
-0.598487
0.368035
-0.444371
0.34028
10.2655
-0.710457
-0.504059
-0.495261
-0.419535
0.824084
-0.207197
-3.2097
2.10478
8.83322
3.42207
-2.00775
-3.68794
-0.105847
-0.837706
0.467705
-1.04201
-0.466152
-0.405977
-0.268495
-0.786457
-1.88753
-1.92322
-0.51888
0.215035
1.95969
-1.20575
-5.77278
-2.35108
-0.0422504
-17.1589
-0.475541
2.45294
0.945731
-12.2509
1.07943
-4.85992
-5.03827
3.77486
0.318732
-0.249107
-1.8714
1.37161
-0.470936
3.75391
-21.3237
11.2931
0.203102
1.2347
0.890568
0.377006
-0.350863
-0.949024
16.9512
7.08148
0.0359166
0.249853
-1.85654
3.57721
0.99133
-1.23727
179.321
5.28039
1.47904
-0.748824
-0.723101
-0.882747
0.177332
-0.210695
0.241566
0.0292315
-0.231689
-1.42217
1.0262
-0.340393
8.76782
0.186135
-1.45031
-0.185297
-0.00555378
0.196959
-8.24969
0.129899
0.271725
-1.33477
1.11536
0.522228
1.2071
2.8253
-0.301067
-0.756194
-0.557281
1.65499
-0.895506
-0.135529
-0.366694
1.37656
-1.26587
-10.2525
-1.06603
-0.367094
0.13927
7.60793
0.648109
0.347742
-2.15396
45.6537
-0.954197
-4.11666
0.895338
0.199893
-0.282913
0.482771
-1.12946
-3.47023
1.28814
0.491448
-3.11438
-1.41863
-0.745123
-0.445599
0.501006
-2.49899
0.10556
-1.31739
-3.69809
2.34436
-2.62422
-0.605408
-0.775193
-2.27527
0.144229
-0.0815167
-0.0872952
0.996947
-5.2655
6.53641
-4.13703
-7.32284
-1.79976
0.385911
-2.93532
0.812435
0.291098
6.87186
0.0486559
0.449227
-3.71065
3.78782
-0.48614
4.44934
-0.28779
6.02153
-0.142396
-1.02816
-0.19296
-0.188914
0.799334
0.0251437
-1.0356
0.272523
-0.458826
-0.472216
2.57702
2.18455
-1.17177
1.98119
-4.10884
-1.57332
-0.3451
-0.264794
4.19505
-0.0279772
-0.727087
0.649486
-0.878415
-0.368085
0.279063
2.29028
0.30259
-0.773695
-0.124664
-4.36573
0.141624
-13.9926
-13.7241
0.10674
-1.27995
0.110754
4.00927
-1.38783
-1.95354
0.328705
0.164578
2.45238
0.659047
-0.541485
0.432756
0.544768
1.62427
0.218071
0.983698
0.953107
19.585
-115.11
-0.582155
-0.0885785
-5.32238
0.127532
-1.47689
-0.00368156
0.601741
0.265483
0.272776
2.33877
-4.02373
-1.81027
1.91889
-0.457868
-0.473017
1.0569
-1.41807
-1.22282
0.0386925
-0.329479
-0.417202
6.59953
0.575337
-0.677247
0.13616
-2.26473
-1.0272
-0.863146
-0.12659
1.40315
7.58651
-6.42111
-0.166615
-2.89062
-2.64927
-3.90926
-14.7715
1.05908
-0.088395
-0.760727
1.57982
-0.0843365
-0.952051
-1.11857
25.0302
0.665539
0.73946
-1.05977
-1.47141
0.552627
1.04267
1.43608
0.672561
-26.7196
7.19088
1.2896
-0.427318
-2.30374
4.29497
1.14185
-0.117462
-16.6935
1.48533
-0.0902063
-6.98223
-0.518486
-2.77229
0.982544
10.3046
1.00415
3.52982
-1.10042
1.45842
-0.087043
-2.15903
3.60996
3.99856
0.584132
10.2671
1.65672
-0.398059
-0.913825
1.21916
-0.316349
-0.0819619
-28.2668
-1.92504
-0.199463
-5.23155
5.08868
-0.247046
-1.61895
-0.666945
32.7434
-2.02223
-1.75654
-0.674835
-0.436145
8.75006
43.2259
0.63613
0.31299
-6.23132
0.631958
-0.583677
-1.73843
0.101688
0.240294
21.0579
2.70574
-6.88202
-1.42042
3.81308
0.633883
6.27082
0.293225
-0.170914
-2.38973
-0.926436
0.213351
0.120729
42.5428
-3.11699
-0.174263
-0.734699
-2.73731
0.531948
5.97314
0.187143
-0.437382
-0.519601
-1.05334
-0.0860753
-0.259163
1.9648
-41.4474
2.21093
0.00255056
111.171
0.147101
-0.363827
-2.62189
2.48036
-1.16576
0.80592
-1.52242
-0.474856
1.46759
0.0250525
1.10254
0.132873
-1.56061
0.42066
1.3783
0.00172928
-0.119409
0.436979
-0.945645
0.826988
-1.52185
-0.796938
-2.23161
9.39541
1.34412
0.251078
-2.16112
-0.533315
2.29347
-3.5069
0.792971
1.77831
1.15996
1.7653
0.568125
-22.1199
0.440301
0.827903
1.87687
-0.38868
2.38009
-8.40937
3.2024
-1.06534
-33.538
-0.301631
-5.89883
-1.03287
-39.3916
0.848556
0.146576
-1.92279
-1.6123
4.95449
0.153075
0.366526
-0.440606
0.849286
-3.61456
-1.36841
1.94347
-0.457821
0.588311
-2.28074
1.97466
0.787368
-0.738449
1.4079
1.94051
-0.279221
-2.69084
-0.0533902
-0.167028
-26.9945
0.898988
-1.1153
0.164263
-6.44642
5.20101
-0.208873
0.365101
0.171729
-1.93434
-3.25816
-0.75428
-0.397038
-7.31732
30.5203
-1.04623
-6.57289
-0.162553
0.665704
0.477509
-1.75519
2.9091
1.27219
-0.190432
2.32075
0.8348
-1.08928
-1.62471
0.058655
2.77469
-0.699771
0.528193
8.95059
0.461187
0.201085
-2.22207
-2.94644
0.49459
0.31233
-0.811068
-2.69813
-1.25018
-5.45049
2.59501
-3.28589
100.249
-0.639386
-3.80579
-0.503924
0.0700959
-11.5414
0.918304
-0.0669605
-0.705246
0.379537
-4.39119
91.8726
0.473522
-0.192217
-1.54289
3.75708
-35.2912
-8.95711
1.54366
1.23452
-0.0457276
2.43071
10.9782
-0.974168
-5.04611
-2.06459
-2.2468
5.37428
1.39975
-2.65807
3.79045
-4.69141
-4.06573
0.761761
-0.504984
0.665959
1.30216
-1.7366
0.338851
-1.8468
0.418192
-0.243437
-0.610242
0.202112
-0.373933
1.51624
-0.428876
1.18089
-1.53572
-9.02511
-0.603566
-0.552968
-1.0412
1.00014
-1.1284
0.0768739
0.606683
-0.469514
2.34311
1.00886
6.15316
-1.06923
-0.257772
-0.316884
0.0906526
-0.741075
-0.369808
-0.80987
1.6819
4.08765
-0.334906
-1.06136
0.0544453
-2.0253
-0.317335
-0.429951
-2.73859
1.65239
-3.47689
2.74711
-0.354922
1.0261
0.529054
7.01128
3.48549
4.67716
-2.60243
7.34383
0.526323
3.45865
-1.47519
-2.25176
1.06834
1.33855
0.420719
0.475363
-0.288915
-1.50485
-3.29813
1.41861
-20.954
0.167303
-1.87519
-1.14974
-0.39331
17.4635
-4.6675
0.58905
0.198556
-0.177883
0.790676
-1.1849
0.752717
3.45659
-0.0446924
0.761343
1.16189
-0.0954528
6.3417
0.965256
-1.91637
2.30608
-11.9339
-0.517256
0.314785
-1.65277
4.22893
1.30291
1.13799
-2.41828
-0.873802
5.91364
-4.13208
0.702279
0.0682372
-0.614704
2.36533
0.218138
22.1781
2.38445
-0.275646
-1.20386
-3.96653
0.652424
0.228123
5.9071
41.8862
0.210033
15.1294
0.896735
-0.919023
1.63448
1.17691
-0.819897
0.81573
-1.29792
-0.643805
0.229924
0.131572
-4.46313
1.15644
14.1153
0.261211
-0.435194
-0.180927
0.895012
7.61132
0.46598
-2.83491
-1.67287
-0.202347
2.07972
-1.56096
-9.63045
-1.63078
-3.65565
0.0945122
1.06209
-1.07388
-0.43518
-0.222807
-0.513132
3.08478
5.21078
-0.92815
-1.10159
-12.381
-7.15924
0.331069
4.94692
16.3852
-0.491045
1.11637
10.4178
-2.12154
8.74719
-0.202183
0.12836
-0.0552667
-0.534196
0.189043
3.12641
-0.291439
1.79232
0.701324
-0.122775
-3.27267
-0.586942
-0.381975
0.739426
0.810753
0.450037
-121.517
-11.8022
-2.42959
-2.01864
-0.48181
-0.103059
-5.86137
0.994483
-0.568001
-8.43561
-1.08265
-0.518767
-0.70965
0.721383
0.993503
-0.137298
-0.928288
0.46377
3.06054
1.37902
0.523824
6.58857
-3.54861
1.89216
-1.92644
1.58273
-1.06857
1.49661
1.47647
2.16412
-18.1956
-1.33539
-3.97137
-0.830771
0.912004
1.38314
2.56162
-0.0260816
-7.21216
4.06653
-4.22364
0.736721
1.03508
-0.157226
-3.37507
4.14446
1.02537
-0.511458
1.72088
0.913209
0.157947
0.468941
-5.20093
2.18072
0.757945
1.17786
0.932276
1.84163
1.28837
-32.4762
-0.255559
0.349769
0.440022
0.885721
-0.313456
-6.62662
-1.4406
46.3501
42.7114
-1.04081
-5.71547
-3.32454
0.220593
-1.44876
-2.00583
-0.516652
3.39331
-2.34998
0.130193
-1.42083
-0.289247
0.643551
0.194946
1.45238
0.634001
1.43809
1.41972
-9.00876
1.51664
104.98
-0.237903
-0.682861
-0.938423
-0.284466
2.72556
37.9213
-0.929217
-1.18907
0.9945
-0.16153
0.483014
-0.967664
0.0849621
-15.333
-0.431219
0.896042
0.595954
-0.693479
-0.161249
1.92872
0.5621
-1.29956
-4.63119
1.48508
0.358297
0.231127
-0.624747
2.94076
1.96034
1.08629
0.617097
-0.0680123
-0.687499
-10.6233
1.07414
6.69588
-17.3539
-6.63898
12.2542
-4.92015
0.277323
2.7632
-1.09103
-0.505682
0.849038
-3.09464
-0.0151017
-1.52056
-0.103685
-1.57552
-2.50852
1.26933
0.317538
-1.24564
9.95254
0.660452
-1.50271
-0.0467517
-3.64568
0.0560879
-0.992219
0.501165
2.69979
1.59287
-0.633639
0.552267
-2.22071
-0.0668203
-0.466746
-1.12461
0.794203
0.0581944
9.24132
2.00523
-0.0867777
2.25752
-4.86936
1.73845
-1.70039
2.39983
0.158453
-2.39023
1.2655
0.719756
-2.07445
4.72255
-0.0974668
-1.07631
-0.400729
-0.667007
-0.239558
0.684479
1.02594
-0.617114
-1.5868
-1.5844
0.196491
-0.682926
-1.29956
-0.146794
0.698574
12.3939
0.48316
-0.1986
-0.383627
13.7387
-0.338276
-0.340888
-0.589169
-0.302247
0.461668
0.186214
0.190856
-8.17273
-0.145294
-9.39596
-0.19243
0.308526
-7.20271
-0.66355
-2.00792
4.03957
4.12682
-0.179467
-1.23356
-0.480293
3.98657
-1.04576
-2.89479
-0.463546
0.802084
-0.083404
0.736574
-0.096672
-0.421342
0.684441
0.891542
0.957385
0.447669
-6.57235
1.08191
-0.585833
-6.80412
0.164416
-0.872448
0.660853
3.14369
-0.407519
0.435242
3.09277
-12.9129
0.34927
-2.45195
-2.2526
1.02012
-1.23596
1.14412
1.53438
-1.74453
1.5016
-29.2639
-0.498217
-17.4647
-0.135571
0.241463
-1.71
0.928455
-1.56194
-0.0908759
0.635485
1.6927
-1.00641
-9.00808
-1.45995
-0.346732
43.2437
2.1288
0.193752
-0.919098
0.486501
-1.91923
-0.684259
-1.75816
-115.617
3.32721
0.0676523
1.66665
-0.767791
-0.448627
-0.235599
-0.981439
-18.2272
0.293341
-6.73028
-0.775233
-2.80113
0.956578
-2.5777
2.97827
1.03206
1.45548
-10.5567
-0.844065
-6.80411
-2.59532
-0.11621
0.164981
-0.928217
4.23671
-0.176044
0.145737
-5.24169
0.547231
0.581394
-14.3345
-0.680596
2.40459
-1.40098
0.565627
-1.06594
0.680171
-0.655238
15854
-1.59071
5.60798
0.88675
-2.27965
0.540153
0.92155
-2.36052
0.992914
-23.0164
2.6024
2.38725
0.937969
6.30421
-25.3386
-0.227352
-0.469815
0.155377
-0.840547
0.623297
-3.04932
3.27452
0.24598
-1.65125
-1.76859
-0.337935
-0.0207893
0.101611
4.05258
-0.339071
-0.0470249
-0.550292
-0.160295
-0.596109
0.927804
0.812123
0.462218
2.20412
-1.45628
1.19417
0.608761
-13.9862
8.4854
0.820563
-0.06535
-0.774463
-0.37104
-1.68499
1.25694
0.214297
-0.096964
-2.05761
-8.91734
-7.6437
-0.753082
0.60129
-1.48934
0.842083
-2.02496
2.01585
0.542716
-0.491033
-1.1131
-1076.34
-1.44089
-0.416743
-0.964382
-5.46754
3.41975
-0.683603
11.6444
-0.926371
0.296046
3.77398
0.482021
0.149388
-0.107205
-2.97553
-4.22637
0.523905
-1.82685
-0.27176
-3.02426
9.63193
0.234888
-1.35438
24.8117
-0.749734
0.225019
-0.861151
-0.124256
-3.17471
-0.986511
-0.0265744
-1.1171
5.34645
-0.909369
3.33031
0.70164
-0.097255
-34.8104
5.90979
-0.181831
-4.99787
-0.552917
-0.288474
-5.27424
-0.612714
1.31752
0.115564
-0.105034
2.9252
-0.0789546
0.295051
2.42995
3.58343
-0.479717
-4.61325
-4.52533
-0.230099
-0.606784
2.70106
-1.96109
-0.245938
-6.1976
0.0194125
-5.75034
-8.5142
0.341581
0.576675
0.870924
-0.0962544
-0.457599
5.06634
2.05915
-0.101949
-0.42237
-1.42541
-2.91871
11.2556
-0.808483
1.21518
1.29441
-1.22684
1.10427
-1.96679
-0.302278
0.0318109
0.728457
-2.96044
-0.810989
-16.7365
-0.00763262
18.9357
-0.476879
1.29521
0.698844
31.4149
-0.380025
-4.76833
-3.41596
0.499947
-0.628877
0.848761
0.358651
1.0289
2.74718
3.81044
1.25918
-1.026
0.525774
1.30483
-0.773582
0.0709104
-0.939136
0.289237
0.149955
-26.0338
1.32831
2.3603
1.19356
-1.5971
-0.257655
-1.19579
-0.138309
0.683562
0.0473226
-0.0185289
-2.13157
-19.8258
-1.05959
9.00494
-2.05345
2.11162
1.44839
0.339101
2.73813
0.177564
-0.722513
-1.4072
0.519112
-13.1049
1.35196
-0.44714
0.709233
4.01275
-2.60346
-6.15891
-0.584737
-0.245167
6.97145
-1.05316
1.1398
6.52
0.599984
-0.419238
-10.2691
-0.421359
0.715471
0.553265
-0.38346
1.02771
0.271414
0.620397
3.22805
0.882112
-1.20169
7.097
0.263431
1.83452
0.882915
-0.169675
0.645466
0.234552
-3.78532
3.25527
-2.90317
-2.64475
0.165934
-1.15807
-1.28157
0.179699
0.740185
-1.09786
6.1118
