-3.79562
-0.413305
0.0825285
1.5995
-1.76638
5.72833
0.450247
-1.9954
-0.0100103
-5.73091
0.568815
-3.07603
-0.530542
2.02497
-0.285156
1.07936
4.12247
-9.21933
-0.722888
0.783191
-0.0596159
0.421267
-0.982382
1.88756
-0.60285
-0.605354
1.18337
-0.672706
3.962
0.77648
26.7825
1.81038
0.0412441
-0.582306
0.563479
-7.40843
2.71054
-1.01582
-1.85071
0.0194554
-16.6805
0.147605
-0.580581
-0.370842
0.258994
-1.07449
0.0522762
3.07016
0.892812
3.85721
0.219512
-0.823138
-3.60403
-0.862763
-0.179229
-0.580768
-0.66444
1.434
1.21469
-0.43671
2.30578
1.25412
4.37536
-0.407859
9.47417
1.87675
-0.545804
1.56321
-1.07458
-2.71267
0.362899
7.06777
-10.8842
2.00628
0.64675
-0.326351
1.57578
-1.92094
346.521
-0.722338
0.0504067
0.430122
-1.48617
2.99815
-0.0801044
1.63582
-0.101771
0.674027
1.47152
-0.952856
-1.13318
-0.860346
0.596045
0.216221
0.320827
-0.0117295
-0.600881
0.399839
2.07664
-1.55
-0.0869524
3.01747
-2.88231
-3.94652
-2.8796
3.2659
-0.170339
1.57682
1.78597
0.388481
-8.68477
0.385005
0.204715
0.847264
-0.209771
1.01094
12.6596
-0.611924
-0.115294
1.63046
0.187288
2.73015
7.50239
-64.115
0.384736
4.61844
1.09869
-1.27517
-1.11417
0.219535
-0.825988
-0.549691
0.56661
-0.377968
0.631616
0.709547
0.136328
-1.16125
-0.840519
0.61189
0.387163
-30.8511
-1.85673
0.623261
-0.438148
2.65608
-3.46011
-2.27432
-0.719258
-6.3581
0.176011
0.648503
2.64508
-2.50575
-12.1704
-0.753272
0.592526
0.0405061
-1.27013
-0.716121
0.389862
-5.97757
-1.06887
-1.19936
-0.0175134
2.01826
0.00949363
31.607
-2.97841
0.265553
-0.675235
-2.82573
-0.217827
-6.05703
2.44217
0.0526894
-0.473334
-0.691334
-0.473721
-0.881253
0.279708
-2.23388
-1.92498
1.41369
-0.656978
-0.0207426
-3.4861
-0.405282
1.30934
-0.220617
1.73369
2.55207
1.00403
-0.764649
-0.0285729
-0.388335
-0.251038
-0.335307
0.175227
0.446206
0.635212
0.157849
0.444119
1.30564
5.25476
-1.01619
-17.0038
-2.12852
-0.264036
0.382334
15.504
-3.23122
-171.305
-0.42961
0.401723
-0.280271
5.58379
-1.52602
-0.293388
-4.62831
0.187051
0.18837
-6.58295
0.354221
-0.328672
1.3939
-14.0591
0.644773
-3.7135
1.71876
-4.18272
0.34712
2.36611
-0.229469
-0.376711
-9.52867
18.0019
0.563324
11.2608
-3.0559
0.700402
-0.429265
0.714294
2.16305
-0.146093
0.0339834
1.96999
-1.33947
-0.377056
7.67498
1.22408
1.65526
0.908948
5.13531
-58.4417
2.71114
0.0907011
-1.01085
0.330611
4.66413
0.92326
-0.81648
-0.144133
4.35252
-0.0292114
-0.438512
-3.31791
0.0347647
0.429588
0.380057
0.984686
-3.08819
-2.01844
0.536379
0.644723
2.21784
-12.7914
1.68548
3.58056
-0.439342
0.625343
-1.14662
-0.468924
1.20481
2.20473
0.00360011
-1.37261
-0.241706
1.32602
-0.707575
-3.57416
0.880063
-1.5017
0.432044
-5.2687
9.62194
0.158712
0.703054
-4.5577
-7.62773
0.854193
-1.66969
0.435232
0.291947
2.54619
0.252582
0.0439885
0.356033
3.42213
0.447453
-1.5817
1.16322
0.725869
-0.127234
-2.07884
0.317831
1.04075
-3.17411
-0.138509
-0.0180734
0.277743
0.366458
1.43258
1.83697
-2.60175
0.653328
-14.2325
-3.57037
-0.892202
43.3609
1.36808
0.290172
-0.979244
-0.639436
-0.257013
-0.2025
2.37738
-0.0284909
0.427825
0.988248
-5.15703
26.9569
-3.55361
-32.5635
-0.746571
-1.75811
2.16551
-1.33067
7.09027
1.15469
-0.171222
-0.457842
1.3469
1.682
-0.033229
-0.0822737
0.187097
-3.86605
-1.47359
-0.369451
2.41994
1.04488
-1.10532
-0.0591225
-1.71429
-1.36652
0.668565
0.259527
0.302314
0.0161503
-279.555
-0.268395
0.693808
1.56069
0.630416
0.279957
2.60917
-0.495458
0.724693
-0.14021
-0.0030993
3.29721
-0.284807
0.751026
0.374608
-2.59493
-0.553662
4.56479
0.113981
1.46673
-11.9793
3.04631
0.982737
0.626644
3.76161
1.16692
0.44989
4.82279
1.96428
6.40683
-0.789411
-0.127433
0.428598
-3.20827
0.610053
-4.89516
2.92759
3.21987
6.62528
-0.233778
0.300065
-0.44061
-3.66723
-0.223117
3.61628
-8.0001
1.62123
-1.07212
-1.65767
2.2606
-1.75003
-3.17377
2.7841
-2.05077
1.77422
-0.973532
0.267497
1.64787
0.976347
-0.650899
0.623606
13.5151
-13.6971
-0.243451
3.12188
-10.5358
-11.5224
-1.5884
1.31368
-1.52795
3.819
1.14575
0.0531635
-0.626443
7.80509
324.298
1.05423
2.12513
-1.72806
0.861386
0.752748
2.30022
0.35898
45.6486
7.24563
-0.452935
0.173937
-1.09945
0.52849
-3.95976
0.46224
-1.24621
0.0855311
-12.632
-1.154
1.73299
-6.72126
0.798221
0.0597717
0.139628
1.78301
-1.30269
-0.258006
5.18468
-28.4646
-0.270857
0.0255367
-0.545081
0.61869
0.4017
1.07965
-0.457784
1.08474
-1.01839
0.650485
-0.349035
6.31398
0.294936
0.660849
-0.203086
64.9267
-0.905763
1.43831
-0.135425
-4.25244
2.54704
-1.49576
-0.388056
7.06049
0.0573517
-1.64939
-2.14052
0.731704
-1.36286
0.662514
-1.01348
-14.2392
0.542608
0.211663
0.307659
-3.43657
0.655359
-0.0246567
0.242083
-0.0939808
-0.491586
1.05863
-1.95463
-2.83443
-0.980716
-2.47945
19.2688
-1.22727
-3.56265
0.46102
172.145
24.5353
-1.60687
0.447074
-2.502
0.5409
-1.5304
-5.65064
-3.72324
0.350084
1.76143
1.76976
-1.51632
-111.77
-0.254962
-0.177827
-0.596941
0.204991
0.610796
0.030278
-69.742
-2.10077
0.0401781
-0.861542
0.601981
-0.856193
-1.10056
4.53212
-0.131736
2.0501
0.0487854
1.54641
1.51222
-0.288915
4.61926
-5.11323
-1.06833
0.78146
-1.11907
0.247368
3.09089
2.36487
-0.350462
-2.40336
-26.923
3.56194
-0.652693
0.926685
0.256607
-0.395251
19.5215
7.74393
1.29156
-3.48078
-2.32162
2.90655
0.533181
0.0429453
0.657944
3.94464
-0.936462
-0.124005
-0.457302
-0.559071
-0.543928
-0.248591
-2.26477
-1.50611
0.336842
-0.119654
-1.58875
-4.44464
-1.24344
2.24842
-0.23595
-0.446564
-0.436892
0.91903
-6.19479
-0.273674
-0.846322
-1.40693
-0.97214
-0.168297
-1.53826
0.320971
0.273222
3.04178
-0.160009
0.394093
-0.0341721
-0.306732
0.694802
1.41526
0.858885
14.4159
-347.25
1.26384
-20.0264
-31.1718
0.804031
1.01974
0.7844
-0.579226
-4.39857
-2.44803
0.690334
-89.2687
-3.25713
0.0571428
-1.15509
0.174595
26.0058
4.72495
0.853061
0.628528
-1.43271
1.25552
-3.59088
0.711938
-24.0496
-0.0741491
3.53887
-0.17103
-0.885381
-79.8353
-2.08389
-1.55795
1.63989
13.1202
1.17215
0.750074
-0.652688
1.07066
0.597515
-0.0472874
0.771641
2.00885
-0.358841
0.296363
2.6992
0.0503009
1.9223
1.76787
0.583681
-13.4884
-0.89607
1.09489
-0.0806639
0.159117
-0.448414
-2.28544
0.705805
2.19644
-8.44169
-4.20126
-0.327274
-92.0572
5.93809
6.85182
1.89036
0.0745952
-1.98594
-1.38707
-0.0981477
-0.633018
-0.128939
-0.696624
-2.17591
-86.7145
-0.87852
0.419602
29.3299
-11.3213
0.633246
-2.06526
0.0414406
16.533
-0.0658535
-0.108723
0.129108
2.69817
-0.651747
0.0812062
0.779689
-0.183118
3.07205
0.650238
0.612105
0.868495
-2.72955
14.3059
-0.533842
119.721
0.515752
-3.75305
0.301488
0.663196
-0.601949
-3.16284
0.666146
0.612117
-6.92438
-16.9171
0.107712
-0.0586676
5.6946
-1.10305
-1.19193
-1.57818
-0.478788
-4.41154
-0.247896
-4.15979
-2.22376
-0.351863
0.410508
-0.749621
0.125331
3.61227
1.73503
0.954952
-1.9922
-0.706939
0.559203
-0.47116
3.31489
0.28647
0.108177
0.297806
-2.49688
-0.0751179
-2.53589
-0.286574
8.38909
-2.15568
-0.38851
1.60808
-9.27134
-0.980106
-6.44179
0.0391668
-0.257199
0.472259
-6.14905
8.20765
3.35648
5.9433
-0.695862
-2.56552
-2.06452
0.109972
0.975193
-134.909
1.02308
-0.94275
-4.18982
-2.50076
0.223572
-0.327878
4.02502
0.239617
5.27358
-2.78185
-1.05369
1.74587
19.2315
0.41938
-1.61169
-0.499738
-10.8549
-1.18734
-18.0122
0.387825
0.0310814
-0.317068
-0.12065
-0.489471
-0.608882
0.436502
-1.28171
-1.13798
3.56253
-0.46574
0.154587
4.07092
-0.502438
-2.27613
0.350772
-0.336692
3.93926
0.880051
0.161766
-0.513173
-2.40283
6.85597
0.612837
2.35364
-2.00208
-1.15918
-0.21428
2.62696
-0.319192
-0.948052
-3.04689
8.54749
0.603136
-0.627222
-0.832022
0.806669
-1.87795
-0.193594
0.0310725
0.171027
1.17823
-3.24674
1.53558
0.163975
0.0304469
0.933641
0.98675
0.767687
-0.334779
-0.790742
-5.73245
-0.0286368
8.12401
0.450288
-2.38107
0.92195
-1.1239
-0.523531
2.11503
0.548091
0.95914
9.28126
6.88979
2.16853
0.817191
-0.727492
-0.710101
-3.22521
6.94421
-0.938595
0.601153
0.813855
0.291247
-1.58778
-50.143
0.208091
0.228834
3.28569
0.620771
0.518434
-1.16239
1.15437
-1.17523
0.766572
-0.602791
-0.746103
-1.69296
-0.319116
0.75153
-1.48089
82.6129
1.71673
0.576856
-0.015962
-0.772962
0.174197
0.131469
-0.219749
1.64963
-1.63196
2.53552
-0.713801
1.19148
-175.568
-0.317332
0.611368
-2.10075
-0.200466
-1.16264
0.454015
3.65828
0.427279
1.27028
-2.97315
0.76046
11.299
-4.08906
-0.168642
5.74496
-1.03568
-0.944981
0.400395
0.498965
-1.49386
-8.91383
-5.92752
41.6438
-0.476286
0.207577
-0.339161
-1.65729
-11.0302
11.1424
11.6544
-3.55659
34.5234
-1.18654
-4.83776
2.0459
0.387492
-3.84284
2.35622
-0.488297
1.41144
1.04401
-0.235729
-0.170972
-0.0131236
0.112009
9.13183
1.81162
1.15684
1.40664
-8.6211
2.34307
0.200051
0.629642
-0.492122
2.13978
-0.86314
-0.674788
1.23732
-1.72031
0.74672
-0.506026
-1.49697
-1.03485
-54.9674
0.244264
-0.579826
1.64315
4.17179
-0.135299
1.15191
-5.14091
-2.68014
0.898471
-2.35713
0.245636
-1.29265
-0.124372
0.43977
0.193572
1.07919
-0.682463
-3.90284
-1.85431
0.029194
1.47417
-4.02125
-1.66026
-0.528952
-0.990079
4.36834
-0.939832
4.18155
1.57654
1.57307
5.40236
-1.3971
-0.974505
-0.853499
4.04768
-6.59182
-4.54751
-1.2739
4.23193
1.44432
0.285596
-0.542084
-0.656885
1.79923
1.63151
-127.068
-2.62914
-0.597634
-0.537696
-4.37082
1.9624
1.39594
0.00710589
0.489825
-0.0247909
-0.621634
-0.353874
2.39533
-0.206204
-0.729812
0.0275798
16.1626
0.631502
-0.369962
0.171972
-2.6182
0.141736
0.670291
-5.46416
0.957778
1.06132
7.67274
-17.8934
1.46812
0.250342
0.547413
-0.0351784
-1.62407
-183.265
-2.86746
-1.07937
-0.0889226
-27.2377
-0.366214
1.40009
1.89537
5.28632
2.63329
-0.906888
-11.708
0.322678
2.31096
-0.395507
-1.11752
0.178835
-0.0840038
-0.357941
10.1264
0.559204
1.16231
-0.374894
4.48966
-0.0491021
0.630786
-2.59127
-0.207854
1.77373
-0.872396
0.50371
-0.528169
2.22538
-0.876424
-3.87742
-0.902921
-0.0195201
9.67786
0.243578
18.7097
0.512742
-5.99647
0.274365
1.27498
5.32034
0.456797
-0.257396
-5.67015
-0.0848118
1.19719
-0.574255
-8.06775
-0.469001
1.16729
-1.1504
1.66238
-0.783756
4.73547
0.189957
0.82837
-2.87536
1.70206
0.286093
1.36595
0.428528
0.129286
-133.618
0.439863
2.95856
-0.171854
5.37107
5.56843
-0.4183
0.474275
-2.86714
7.01834
0.477437
-0.524139
0.264798
5.35627
0.383735
0.371673
0.232505
-3.75895
2.60137
0.174391
-1.57234
-0.208614
-0.254567
-0.407773
-3.05756
2.95085
-1.87979
-1.89643
0.247125
-2.2377
-0.588093
3.93607
0.0515842
0.42661
-0.395309
0.0309582
-3.07437
0.114432
-1.50193
0.282715
0.300427
-0.159751
0.626374
0.881635
-4.92613
1.08058
-0.0504499
-3.24817
10.5976
-0.352957
5.94515
-0.323194
-0.844846
41.0297
-0.510641
-0.399786
7.99715
2.37694
0.386477
0.237733
6.18725
0.890733
-2.02676
-1.02546
-0.864586
1.80011
1.90941
1.22757
-12.7401
0.582306
3.67487
-3.99219
-1.97204
0.416217
-2.21693
0.701815
-2.19907
0.644724
1.61524
6.92733
-20.923
-3.68741
-0.243433
1.61604
1.43385
3.25959
-32.0858
1.30908
-6.03403
1.18709
-1.53918
7.03747
-4.75444
-0.533214
-1.0932
-0.0985917
3.0902
4.92432
2.05803
0.267697
1.05788
0.157592
-1.04513
-1.49004
-0.810739
1.4807
3.25288
2.63837
0.817171
-0.278617
0.0754284
0.481368
1.48266
1.39447
0.986783
-0.418814
0.603671
-1.7788
0.562487
0.793605
-1.04749
5.07216
0.213602
0.886446
-19.7286
2.6586
-1.5234
-0.904447
-0.102679
-0.0512966
0.769885
-4.80741
1.51078
5.82542
1.39984
1.59304
9.62371
-0.221611
0.052519
-0.228661
1.1744
-1.83353
-1.95033e-05
0.500011
-2.03905
0.672113
-0.781901
0.306224
-0.659461
9.60012
8.87902
-0.82755
-0.444994
-1.83728
0.878231
-0.546284
-2.65274
1.26294
4.61115
0.183709
11.7263
-0.230464
1.61863
-0.942632
17.0721
0.725565
-0.643877
1.46358
-0.133576
-2.99617
-2.25507
2.90572
1.82623
-0.504665
0.866252
0.921396
0.746243
1.44134
-0.554446
-21.8819
0.658498
-2.12377
0.691206
-0.181381
-8.19831
-5.26044
-0.521945
0.48709
1.74619
-1.49036
1.20206
-1.51846
1.25067
-0.25005
-6.65774
0.972199
1.09789
-2.45495
2.61273
1.00723
0.748962
1.36036
-0.109585
0.209752
-28.3248
0.880193
-0.671812
0.0267461
331.154
-0.600181
0.553933
-0.463625
-1.68224
1.80983
0.461938
-0.412568
-0.114325
1.03743
0.110639
-9.70841
-0.265975
0.914775
2.36657
-0.453442
0.636286
-0.94111
-0.0485952
-0.614947
-2.48913
-0.252378
0.5883
3.82892
-0.958832
-1.22602
0.937319
1.11742
0.636178
0.529809
-16.7086
0.525109
1.13357
-11.738
-0.974878
0.480498
0.545442
-0.307327
-0.771997
-0.270946
0.597986
-2.81195
-1.63992
-6.9096
-0.0588597
-3.34469
0.889317
1.28539
-0.907294
-1.07034
1.90305
8.33578
3.162
-5.16986
-0.206856
-0.772111
1.04669
7.51368
-3.64442
-19.3105
-0.794069
-1.62615
-1.61823
5.62466
0.743933
-4.42404
-8.21802
-0.83822
4.34673
-0.388842
3.58615
3.1841
0.791581
-0.360829
0.435287
-0.856375
0.786116
-1.15225
17.8578
-1.61999
2.22301
0.223551
-1.18542
-0.11996
-15.8486
0.752795
1.06786
0.00979889
0.36398
0.51109
-0.228892
-5.89035
-8.1934
-1.70691
0.597393
-1.4028
-1.08289
-6.04937
-1.77082
-0.375124
1.45946
0.171065
0.897255
0.139742
-0.833653
0.303785
3.22838
1.46059
2.23674
-23.9178
1.14841
1.1294
-0.210665
-1.38174
-1.69846
-1.66349
3.25964
0.52842
-0.366038
-1.70695
0.0374289
57.8998
1.35078
0.10937
1.51128
-12.8292
0.513342
0.491829
-0.225472
0.656637
-0.359306
0.648003
0.968487
-0.577449
1.46694
2.49304
-0.716245
-0.383078
-0.710821
0.864753
-1.14806
-0.816112
-1.15179
-20.7657
-5.3356
-0.490748
3.0595
0.372128
-0.520239
-0.167776
-0.0433468
0.379007
0.614397
1.50322
-3.99721
-0.74293
0.345046
-0.315954
-0.585638
5.1973
-6.42788
1.45123
52.2549
-0.469949
-0.227769
1.69901
20.1487
-1.20817
0.913595
0.822892
0.0190056
-0.332428
-1.17224
5.00441
4.74041
-1.33698
0.151281
-6.09172
-9.24561
1.08607
3.35832
-0.616956
1.12559
0.190502
0.790701
-146.481
-0.177643
-0.344191
0.372028
-0.410005
1.02574
0.0588603
-4.76015
-0.116112
1.64827
4.53998
-1.30255
0.800698
0.610891
0.673684
2.1536
-5.5279
3.30708
2.0287
-1.20642
0.557955
2.61808
-8.74605
0.45
-0.244653
0.548505
-1.63379
0.397131
-0.811647
1.2907
3.43892
0.849707
2.83195
-1.13816
3.77274
-0.935402
-6.57606
-0.383204
1.00482
-0.549328
-0.872894
-0.753647
-0.775541
13.8607
-0.871646
2.16083
-9.97965
-0.493153
9.46584
-0.948551
1.87127
0.61432
0.123284
7.13784
-4.30179
-0.331388
-0.603885
8.72641
-0.0825824
4.986
-0.596767
5.11083
-0.13208
1.09167
-1.6399
0.146001
-1.4518
0.752226
-3.17262
-4.01329
0.659557
0.0321833
1.46424
1.25341
-2.43446
1.34604
0.312845
-0.417487
0.295411
-0.129592
-0.611711
0.754702
-0.614543
-0.244804
-0.0629016
4.27966
-0.118941
-1.63671
-0.430099
-0.157242
1.13704
-0.635479
-0.291122
0.917326
0.753439
0.206467
-2.72409
-0.0121538
-0.657712
-0.748706
-0.463125
-1.01167
-0.26691
5.75273
-0.608134
0.700792
-2.8961
1.52055
0.432934
-0.264871
-9.97408
-3.98592
-0.621994
0.425436
-2.56113
0.186459
-0.417791
5.29764
-0.836416
-0.0923314
1.01564
-1.82169
0.650421
-1.19685
-1.30133
0.00594875
-0.844418
0.0924929
-0.136144
-0.23294
-1.08538
-21.2913
2.33204
10.1441
-9.39753
7.83364
-1.29739
0.181068
-0.72018
6.40991
-10.1205
0.119107
7.67854
1.20453
0.117384
-0.519585
-0.54106
0.0623248
-0.633253
0.0659649
0.103142
-1.17451
0.851721
1.88149
0.887455
-0.358799
3.13989
0.529617
83.5872
-2.63243
1.61172
1.99337
35.0217
-0.44664
38.4961
0.0227254
0.483199
1.35298
0.88137
-44.369
0.659612
-0.879581
-0.190876
1.77021
4.24297
-0.668167
-0.800605
0.38808
1.19994
1.83526
-1.29585
1.94338
-1.82143
0.11556
0.389435
0.451038
1.1806
-0.249851
5.20093
3.06068
-0.981936
-0.252474
-6.86343
1.25641
-1.11749
-1.12196
1.42417
-27.0499
-6.46643
-1.48049
3.13781
2.06504
-1.64532
0.106342
1.24992
-1.04621
0.601233
-0.409202
-3.4499
-3.25592
-16.8634
-1.01398
0.0634452
0.070325
-0.976678
6.19111
0.208906
0.278425
3.16948
-1.05499
1.14051
0.606975
5.63922
-0.3055
-0.165672
1.18993
-0.0148539
0.950635
0.338144
0.545732
-0.431107
-0.608781
0.788729
-0.426644
-0.268642
-0.840967
1.18147
1.38968
-9.14899
0.487633
0.190925
-2.6608
0.327713
0.499062
2.72919
-0.969462
0.659733
1.13878
-0.396917
0.517911
-3.72559
1.06582
-1.21572
2.19939
-1.305
0.166675
-3.58326
-0.950262
52.9241
-3.56086
-0.397295
1.6767
4.82632
-11.869
0.749552
1.01073
1.22734
-1.44063
-17.39
-1.77642
1.1814
0.0955236
-2.88322
3.54548
-0.489672
0.130652
-2.77223
0.0426196
0.564518
2.36399
256.71
-19.1812
-0.396008
0.1392
-0.6372
0.314042
-1.05434
-13.2371
-7.78203
-0.0478111
14.5235
-0.615591
-0.630835
-1.83161
-4.22244
-0.1743
-0.113797
1.97013
-2.61582
4.87119
-0.919533
0.264442
1.16246
0.536994
-2612.98
-0.936291
7.75008
-7.01601
-0.931938
3.44924
0.0693898
34.1154
-0.120005
8.29168
1.52475
0.661246
4.49008
0.103469
-0.296084
0.447732
-0.663083
-0.508675
-3.36035
2.64866
-13.3518
-20.679
-0.183995
-0.0811779
-5.52595
0.0778853
0.774317
-2.2412
-4.22262
6.01083
1.37497
0.394445
3.74239
0.431165
0.095322
0.0650122
-2.43959
-0.429728
-0.000586017
-0.153421
-1.22761
1.51016
0.100786
-0.178719
-1.29535
-2.68779
0.107561
-0.585638
2.97364
1.43416
0.365816
-0.222251
-0.0382897
-0.530372
2.13209
-4.51691
3.02808
-0.322263
0.715826
0.40377
-0.615313
-1.97958
-0.223062
-1.28865
2.73335
-0.657543
0.260738
-2.97613
4.67971
4.18185
-2.2755
0.428286
1.01503
0.335812
0.324915
1.30336
0.430137
-0.361595
1.62582
-0.645139
-2.92819
-3.44387
-8.61933
2.22374
0.736692
1.60967
0.623296
-1.02581
9.40161
1.66079
0.884458
-7.15137
-0.389612
1.10674
-0.316908
-1.82093
-0.230714
-14.3599
-1.13901
0.309766
-1.25829
0.147016
-0.124335
-0.106795
-0.757074
0.777616
2.11128
-0.628476
-7.57441
-16.3172
0.457171
-1.47409
1.06788
-0.0183415
3.27415
-2.3343
-0.982867
6.45454
9.62668
-1.61008
3.85372
0.160744
-1.02833
0.241689
-0.448395
1.9771
-0.166333
1340.7
0.304285
5.00784
-0.290314
2.51177
-0.020559
7.10486
5.49367
1.42308
-4.82123
0.00132171
0.388316
-1.20773
0.365686
0.185281
-2.72731
1.34737
0.682313
0.7334
0.921531
0.311586
-1.30843
-1.00845
0.992489
0.264262
-0.757506
0.520172
-2.20969
1.29461
-1.28415
-0.982441
-0.680638
-3.82043
-0.213116
-4.72941
2.02244
0.291256
-0.100644
-1.32082
-3.78159
-1.49093
0.0304418
1.23257
-0.659088
-0.326521
0.362409
8.50619
15.5706
-1.41229
0.209649
-1.18622
-0.335538
-0.408759
-1.64229
-1.60342
-0.295647
-1.54468
-0.261741
3.77215
0.105069
-1.8147
-1.03677
16.305
1.86544
18.3939
0.610842
-0.198427
0.014203
4.29507
-64.5054
-0.738683
-0.187016
0.345183
-0.381953
-1.42871
1.07257
0.481848
-2.57409
0.723602
5.17608
-1.06931
1.18491
3.13723
-0.383959
-0.0808914
0.320298
0.385604
-0.543424
-0.837745
-0.399694
0.699117
-0.700999
-4.17812
0.025981
-0.627001
0.222723
0.723506
-0.0771322
-1.20661
-0.933454
-0.29648
0.80549
-0.494904
-2.04854
0.022222
1.08853
0.768347
-1.91398
1.93513
2.35017
3.41172
-0.512949
-0.0194194
0.525784
-0.617035
1.79441
1.37519
-0.799752
0.615312
-0.403207
-2.06641
3.70024
-2.02346
-0.24215
-1.5731
1.77218
-1.27099
-0.926892
-0.168641
0.261586
-0.504393
-0.218275
0.141616
1.96358
0.410543
0.010344
0.134803
-2.22479
6.3534
-2.13425
0.347239
47.6018
-2.757
1.09266
0.885469
0.0966308
-12.87
-0.302217
-0.0510642
-1.42999
-0.375924
-0.0933458
-0.336747
1.42925
0.0642823
2.58421
-0.86593
-9.80705
-3.01562
-2.49439
1.53589
5.42325
-0.860529
-2.47522
0.138488
-10.1232
2.02209
1.1961
-3.60561
-1.96084
0.287217
-0.0824127
0.68887
0.281123
-2.18954
-1.21393
6.81448
-1.33259
2.73258
-0.555974
2.81125
-0.266358
1.34218
1.68473
11.8209
-0.89552
-3.43091
0.457004
2.34764
0.712763
-0.415195
1.92356
0.216328
1.22007
-3.4493
-0.844561
0.224988
0.349214
0.32476
-0.590328
-0.740543
-0.388682
-0.171637
-0.606223
2.42058
-2.32745
0.766109
-0.324345
0.858396
-0.796847
0.74839
4.42466
0.0851491
8.76855
3.33587
-0.808175
-1.11647
-3.35434
1.68675
-0.33337
2.08546
-0.440249
-0.197014
1.30044
0.859027
1.67553
-0.829565
2.08681
-1.77178
-2.3817
-5.27349
-1.50195
-0.599839
-0.43349
-2.40155
1.55505
-2.08284
-3.59052
1.86216
-0.0991267
-0.246499
32.0417
1.1799
-0.720663
0.298398
-2.2146
0.01282
-3.04321
-0.801675
-0.461889
-1.21873
-0.332788
-1.49353
0.155248
-0.201471
13.7697
0.289154
0.193695
-0.259578
1.69401
0.589014
-3.3276
0.361639
2.42342
-0.577492
0.403323
-1.63174
-1.06976
-1.22822
1.28702
-0.195263
0.835292
-0.190638
-1.19239
-29.0739
-0.494878
-2.00434
0.160218
1.79672
-1.78911
0.765042
-2.55343
3.83409
2.44878
0.166152
0.779536
-1.00129
2.37349
0.0692967
0.634335
-0.291781
-2.35363
-1.01701
2.83192
-5.3352
-3.73322
-1.29249
0.334897
-0.350157
0.95181
-0.86529
0.148668
-0.766182
-1.30377
0.330263
-17.6936
-1.95072
0.143864
1.8662
-0.717001
7.51647
0.0668933
-8.8953
6.25672
5.43669
-154.232
0.122905
-1.5345
1.14736
-0.300805
-19.8981
-2.06802
-1.08695
3.86317
-5.70012
-1.5638
-0.45021
0.310659
-2.53136
1.97879
9.95997
2.23981
0.16951
-0.125074
-0.0377326
-6.18276
1.98264
-0.843856
-0.73602
-3.04068
0.374838
0.756263
1.10909
0.242068
6.76985
-1.54698
-0.239076
1.79704
0.442974
-2.18787
-0.57364
1.19744
-0.40806
-0.74614
0.688044
0.0874262
-1.89958
-0.135388
-2.04039
8.69584
0.75068
1.04956
-1.02008
0.0397584
-0.596253
0.0413033
-2.08296
0.491434
-3.03551
0.926883
-1.85674
-2.43215
3.86805
-1.20257
0.115279
-1.55241
-0.963377
2.20491
-0.625581
0.307927
0.344336
-0.334278
-0.764118
-1.20533
4.49167
10.8829
-0.454274
0.0150862
0.190479
-0.235698
-0.932102
0.900732
0.0906421
-4.499
0.399556
0.264908
0.531063
0.735345
-1.72244
1.24269
-0.814876
-2.53033
17.2745
-3.9237
0.813334
3.9898
-1.04529
4.03867
-1.04708
1.36849
-10.1167
-0.279086
-5.55269
-0.462579
5.68111
-2.4065
-2.17687
-10.4645
-8.7757
-1.39474
-0.377914
-0.965619
-5.02854
0.776299
-1.70025
-0.841309
-1.55041
1.16471
-0.989842
0.826876
0.515117
67.5934
0.733988
7.11862
-35.7223
0.120521
1.12546
0.817424
-0.0864166
-18.0494
0.335029
-6.04264
-3.101
-2.04958
2.0096
-41.6699
1.07046
0.285792
-0.539471
-22.6786
10.1216
3.31081
3.95858
0.00202992
0.531739
-0.601136
8.97611
-0.303708
0.295805
0.869714
0.379239
-0.414213
2.40981
-3.02947
-1.09454
-6.90734
2.01829
-0.21532
-2.13181
0.687048
-0.0253227
-3.66269
2.93102
-0.747514
0.4799
0.217235
0.673744
-1.29326
-0.986268
-0.132579
1.50948
-1.30265
0.138931
-8.56685
2.04369
-0.603033
0.312208
-1.96298
0.164352
-0.659793
-12.2403
-0.205666
4.56731
0.0513355
0.415437
-1.02525
0.400031
-0.00185772
-0.925705
-0.849657
-1.1976
-377.016
4.17478
-0.289987
-0.132134
1.76895
8.23466
42.5538
0.0860769
0.0430878
-4.00492
0.0483403
0.714812
-0.596231
1.60293
0.936878
0.763296
-2.1616
31.3385
-2.07662
-0.0241967
-1.84003
-1.3495
1.24476
0.204655
0.947697
-0.306787
-0.234412
7.04634
2.25186
-0.151487
0.850964
-5.31801
-0.264642
-2.65661
0.859223
-0.937368
2.96453
-0.125745
-57.2596
-0.516763
0.131884
0.828098
-4.13619
-0.761821
0.752078
1.03978
-1.91927
1.07986
-0.519734
-0.342419
-1.20705
-0.261708
2.03408
0.174806
-0.00976327
2.33512
0.958485
0.576069
0.288957
0.874641
-12.8284
0.510721
0.389186
-0.318792
4.36159
0.806485
-0.957508
1.46445
0.00685454
-2.32108
-3.1348
-0.101168
-1.23337
1.86523
6.01556
188.625
-14.4599
-0.00569358
-0.495195
2.51053
-3.62324
5.35537
-0.0825534
0.142438
0.505658
-0.262271
0.866392
0.896538
2.56362
1.20921
0.339145
-0.387073
-1.26335
2.00313
-1.16904
-68.0945
-6.08718
27.2173
-0.23522
-15.7404
-1.3654
-0.00753247
2.60787
1.80129
2.1028
-1.40665
-0.164249
-3.23321
0.821486
-1.98526
-1.79959
2.09827
0.307827
-0.385111
2.77035
-0.465847
1.3907
0.883458
1.15524
-0.744062
4.81913
0.844671
0.60655
5.29977
-2.23812
-0.0797443
-0.625071
0.957105
3.57032
0.442951
-0.509098
-9.26953
6.41687
-0.985159
-1.33423
1.15976
0.515471
2.33911
-0.590345
-2.3649
-0.255886
1.20855
-0.615934
-0.99737
-6.71228
1.01765
0.920577
-0.0199986
1.24334
1.38524
1.30104
0.573112
-0.0112883
0.644922
3.40215
3.29982
-1.5138
0.695114
-0.720155
-0.221375
3.65667
0.459537
0.723044
0.465794
2.67898
2.52983
0.0352363
0.0478085
-1.18158
0.159823
-0.11966
-0.664757
12.6267
1.93406
-0.360977
-38.822
0.721583
-1.41615
-13.839
-0.920743
-1.22411
-0.148814
-0.796491
1.74805
-0.476782
0.820043
-3.11966
-1.09411
-0.724659
1.19173
-17.2052
0.320308
-6.93174
0.878894
-20.2232
0.71249
0.676328
152.945
-1.507
0.155874
-0.321132
-4.95825
0.949894
4.1064
0.803393
-0.673786
-1.34243
-0.102253
-0.210899
-0.815039
-11.7726
-0.248809
0.353202
0.00129874
-0.327975
1.22621
-1.83355
0.455478
25.3576
-2.72108
-1.3704
3.30066
-0.907212
-0.461381
-0.404237
-0.213245
15.0417
-0.0308009
0.995537
-0.494333
-3.1853
4.07661
-0.446547
-0.335735
0.697284
-0.484668
2.89255
-1.34452
2.06662
-7.26716
-0.412896
-1.05079
-0.66547
1.542
3.4965
-7.28537
-0.975529
-0.369531
-0.14895
-0.0402472
-0.0451193
0.0601659
0.175244
0.787633
0.00978649
0.742524
-0.120336
-0.133066
2.14429
6.45356
-0.213266
0.0309642
-2.30797
-3.70161
0.70243
-0.536762
-12.0043
0.085539
-0.170458
-0.0516662
-1.78384
-1.36828
0.872861
0.621099
4.17084
-0.363964
-0.469631
2.42601
-0.26562
-0.964109
-0.0125175
3.13088
-1.65538
0.475119
2.51358
0.443227
-0.44557
-1.56343
-1.89874
-0.901239
0.52305
-0.18993
-0.105659
-1.83713
0.729872
13.7292
-3.24892
-0.939723
1.01447
1.4478
0.0460096
3.66025
0.502569
-0.234351
-1.6777
2.40005
1.32936
2.67288
0.338393
-0.00391563
-0.176157
1.10547
1.36789
1.27773
-0.4403
2.12143
-0.0889597
-1.12117
15.0618
0.504054
0.0418125
-2.03929
1.26353
0.7297
1.06591
2.6109
-4.24897
0.761591
0.416686
0.377503
-0.650469
11.0119
1.76676
2.46336
4.06492
0.632122
0.385937
-0.661557
-0.987213
3.81116
0.323123
3.64177
0.765387
0.202799
0.210936
-1.17762
2.26864
-1.80785
-3.34115
2.13465
2.27011
2.03315
0.945258
-5.02224
6.33447
-1.79507
-1.42589
1.55084
0.134267
2.10624
-0.918451
3.72869
-0.450782
0.220455
50.5141
2.49669
0.984089
0.314258
111.367
3.48818
0.638468
0.244737
0.0620737
0.651568
0.0307223
0.395613
-0.0506847
-3.65536
0.631069
1.75754
1.43801
14.1578
-1.45965
1.16995
-1.71515
0.427546
2.41958
0.693142
-0.815736
0.212811
-50.754
-6.22767
0.871011
2.25027
1.09457
-1.19668
-13.102
-0.363525
4.40713
0.426207
-0.597412
2.99729
36.1429
-3.05634
1.91225
3.47149
-3.78971
-8.23468
-2.00007
0.885034
0.262685
-0.536256
1.77338
1.29619
-0.784813
0.382447
-0.807261
-0.892069
-0.482861
-2.2204
2.82361
-1.62262
0.817734
1.42897
0.85863
2.15915
-2.50358
20.1111
8.2843
-1.72181
-0.691654
-1.6388
-2.46583
-0.154793
0.259709
0.185526
-1.06569
-0.835419
18.4287
0.282199
5.28677
-0.111061
-0.0953816
-10.5307
-0.141037
0.661606
0.1565
2.33062
-1.64068
-1.03479
-0.555969
-1.54132
0.415076
7.81088
-0.279545
-4.41146
-0.558785
0.141645
10.6314
6.10878
0.19909
-0.716346
0.324378
-0.88132
-3.35207
-3.50652
-1.65021
1.26713
-6.46784
0.619572
-0.250326
-2.13496
-0.296822
-0.0521025
0.669952
-0.585853
0.594106
-0.869884
-2.18322
1.17396
0.718756
-3.31826
-0.341311
1.50492
-18.9946
-7.41545
-6.84381
-3.96082
1.21558
-0.19356
-0.710683
0.802437
-0.10051
-0.395312
-2.1112
-14.7569
-3.17689
-0.811336
-0.138752
0.527834
1.9235
-0.502782
-4.95668
-2.11073
-0.517912
3.28437
0.964063
1.00529
4.92942
0.934489
6.76778
0.0455337
-2.38897
1.55532
1.86401
-0.705949
-1.38623
2.68183
2.57502
1.26829
9.30572
3.54626
-1.1209
-0.798786
-2.2841
1.50462
-2.59667
0.0370093
1.53838
1.05455
5.57238
-53.9984
0.339339
-3.21213
-3.99306
0.510276
1.38108
3.80524
0.262212
-2.72633
0.431279
1.26391
0.546433
0.164947
1.6751
-0.164002
-1.27351
-0.52683
1.09619
-1.13375
-0.925272
1.09618
0.467964
-0.280487
-2.36517
-0.495576
-1.87421
-0.650358
0.00472418
0.267527
-0.145512
0.852341
8.03298
-0.204859
1.18523
0.932141
-0.732852
-1.5885
-1.97103
1.46656
-138.442
-2.23591
-4.94137
-0.0719687
-1.32896
0.162884
-0.722224
-0.0585138
0.760454
11.236
-2.53499
-0.182071
-0.803122
0.170836
-0.0263977
0.188711
-117.278
0.389733
0.647685
1.23177
0.931553
-0.753648
-1.21728
23.9387
2.79044
0.310462
-1.64503
-0.185552
15.574
-2.03057
-6.11468
0.686663
-20.7722
0.78163
0.00938495
1.25755
-0.221458
-4.8193
0.443016
-1.64066
1.70511
-2.60041
0.444495
-0.0998635
0.232793
-5.40421
0.326497
0.615729
-0.817447
1.23311
0.831431
0.413741
0.930161
2.25563
4.18345
-4.14086
-2.73861
-0.948434
13.337
1.39359
-1.48054
-0.661059
1.33467
0.0652744
0.000884795
1.14608
-3.76332
0.984705
0.996988
-1.43856
-0.761722
-3.4662
0.853176
-0.136569
-1.87237
-1.71973
-2.61016
-4.27768
1.51132
-1.07625
-1.85675
-0.673886
-8.42578
-2.13306
-2.10529
1.84174
-3.6228
-1.19029
-0.700248
0.30986
3.58925
-0.929805
-1.76946
-0.149423
-0.612226
-0.924645
-0.16647
-0.570069
1.41734
-0.671948
-0.0888067
-0.381697
1.1528
-0.250247
0.109077
-1.75258
-0.64106
-2.13857
0.0179285
7.15856
-1.82353
-5.10327
-1.51769
-20.8553
0.837942
-1.03685
1.06744
2.34231
1.74991
2.56537
-2.34312
0.180744
1.03291
-1.09652
-2.12251
0.495446
5.93912
-0.530361
-6.22448
0.204065
1.089
-2.04813
0.0192356
0.590305
-0.534128
-5.17015
-3.19427
5.4954
1.85492
1.03788
-2.29642
1.53021
26.0384
-2.88982
1.15721
-0.275615
0.471353
0.314695
-2.94732
0.631462
-0.276285
-0.0883106
-1.15576
-0.0942825
4.72213
-1.26145
1.96183
0.233097
-0.40522
-0.762067
-6.35792
1.53538
1.14138
-1.38191
1.23154
0.921752
0.593821
0.911798
-1.13152
0.878855
0.194939
-0.186618
1.35115
2.18588
1.31618
1.01701
-0.62936
-0.793862
-0.910909
3.33134
0.877638
-0.592874
0.0757618
0.299445
2.73799
-0.269185
0.277953
-0.248438
1.46996
-0.43474
-0.257929
1.12098
-1.53588
-1.23668
10.0848
-0.232744
2.59539
2.39995
0.449126
-0.528816
54.0662
-0.192652
-0.471837
-0.25222
3.19093
-0.0134523
0.212783
0.330528
-2.95735
3.53862
-0.0260123
1.36608
-0.938349
0.566702
-44.0782
0.0447371
-0.351758
1.66194
0.633505
-1.69704
-0.341271
2.14484
3.06995
-1.03612
0.803256
1.23242
-1.03605
4.06918
-0.869109
1.37864
-0.236445
-4.52843
-6.32119
-0.232774
3.23982
0.137119
8.59121
-0.0179663
0.446409
0.646168
1.17584
1.08753
-2.32595
0.332201
2.46425
0.483436
1.28962
2.88856
-2.2765
-6.76763
0.299504
-3.79227
-13.7258
-0.177373
0.600526
-45.549
6.49486
-1.44481
0.11634
0.449753
-1.18635
0.660927
1.67736
8.23261
17.4185
-1.45851
-0.692344
-2.03614
6.72344
1.16402
0.320202
0.417407
1.68857
0.973884
0.276014
-0.768756
0.884602
-1.32093
-21.6713
1.73281
4.23384
-0.576895
-0.361878
-1.02485
15.7283
7.12752
4.2505
-1.35005
0.124078
25.2098
-5.00913
-1.65336
-6.37184
0.77652
-1.02184
2.12735
0.244609
1.12708
-0.691744
5.15273
0.947832
2.79535
-0.581574
-1.66162
-1.02791
0.569676
14.4641
13.6387
-0.420278
2.06432
-1.76552
0.319372
0.601359
-2.0789
-0.959507
-2.33464
-1.3396
-0.510462
0.550288
0.169728
20.5999
1.89753
-0.237795
0.0542573
0.756306
-0.452437
31.1883
-2.11719
-0.38933
-0.917135
-0.312432
6.39248
2.85446
-18.9511
-0.0882978
0.636487
-0.286565
148.21
-0.191121
0.290862
-13.2456
-1.02547
26.9233
-1.16622
1.22277
1.12445
-0.21503
-0.121544
0.212788
0.0919745
-0.97831
-0.904413
-0.25382
-0.260945
-0.513286
2.62741
1.65545
-1.04299
-1.02914
-4.77373
1.24447
10.9984
0.641982
-3.86785
1.97718
-0.66355
4.4277
11.1261
0.504136
1.56657
2.751
-0.285552
3.7279
5.33811
1.33543
-0.923557
-1.40242
0.0800807
-0.138716
1.10258
2.36432
0.179331
-0.298045
4.83482
4.18681
-0.152769
0.335235
-0.476979
0.135276
-1.60802
-2.58521
0.0520592
1.31295
-0.663556
-0.925208
0.188096
-2.79433
-13.4271
0.783249
-0.22709
-1.70652
-0.0158094
-2.27925
0.0546462
-1.90097
1.02819
1.4726
0.990037
0.6805
0.877084
-508.587
-0.533349
0.214011
0.440793
-2.23268
1.80144
0.261498
0.404699
2.28548
-0.902372
-7.09339
-2.14764
-2.37246
2.67902
0.305964
0.00581018
-0.0216541
-3.15999
1.37051
1.11303
-0.756098
13.0432
2.28572
2.881
1.65786
0.617172
6.35206
1.66018
0.0659807
-0.881576
15.3174
-0.722793
1.10233
5.79059
-5.46415
0.173282
-6.15479
0.684743
5.24675
-2.05255
-0.354094
-0.297187
-0.265805
-0.872773
-0.779646
-0.104473
-3.60138
-6.50049
-2.20636
-3.68711
0.0702295
-0.223684
0.488336
1.38511
778.71
-0.129119
1.16697
-2.09575
0.747873
0.603987
0.658512
-16.0747
-1.33199
-2.03157
0.133186
0.180308
-0.167395
-0.893758
-0.76378
1.54289
1.76223
-0.729994
-4.70326
0.432469
3.60037
5.61445
-5.54498
0.273723
1.07687
2.02767
0.17325
3.6469
-0.272605
-1.25788
-0.211501
0.372046
-0.777064
0.361092
-0.0134527
0.154465
0.106933
-0.4609
1.89981
-1.9605
-0.152337
0.394904
0.328549
3.58125
0.113034
-0.568373
-3.02018
-0.511218
4.17253
0.631025
3.72179
-2.09887
0.909997
1.40082
-0.13187
-1.68716
-7.07337
-0.193587
-0.901093
3.51969
-1.3034
-7.42251
-0.431178
0.00956667
1.46754
-1.43717
-2.12987
-0.381741
0.0621288
1.69935
6.30319
0.0144246
-1.26734
-0.920655
-6.59077
-0.3619
-0.660405
-1.34338
0.573514
0.981463
-0.957202
-0.13367
1.05968
1.26279
-1.96096
1.18548
2.59892
0.952832
0.279724
0.801186
1.36587
0.260253
1.24415
0.224455
0.721422
0.380653
0.251745
-0.535745
2.58088
10.3049
-0.530995
-0.511251
0.357681
-11.4478
0.231058
-4.41115
-0.0379908
-2.24342
-1.01189
0.0244725
2.74957
0.862664
-0.757964
-0.636055
-89.2047
-0.948576
3.38712
1.23682
-1.09379
-0.668156
3.00059
1.57893
243.265
4.04699
-4.69779
2.39886
10.1062
1.01743
-3.00318
-0.186873
-0.299608
1.16227
52.954
-0.839
1.1193
-0.289813
1.55166
0.223898
35.0529
1.48388
1.71786
0.244619
1.82221
0.237896
-0.0295743
4.05
2.57231
7.90899
0.258851
1.2048
1.09675
0.219497
-14.4953
0.631284
0.877681
-0.303848
6.47943
-0.602835
0.506283
1.24661
-0.0855609
-6.35516
0.278495
4.21719
-5.52113
-2.21118
-0.726641
0.475252
1.15901
-2.00563
-14.8603
0.426841
2.23508
0.195629
0.972485
-4.35677
0.957105
-0.513972
1.02287
-8.29101
-0.176115
-3.25015
-2.95826
-0.0778544
3.9398
-32.0394
0.273863
25.3074
0.0061414
-2.64274
-0.0074955
-0.472215
0.18887
0.0485064
1.04387
-0.67238
-2.69777
-1.78697
-19.2538
-2.19099
-1.55016
-0.212876
2.03332
2.48146
2.60969
-1.22646
31.7589
-0.128901
0.107688
0.86642
0.551789
-0.57946
-0.0394329
-1.94988
-1.08735
-0.536955
27.3248
-0.0162786
-1.92667
2.90584
-13.6771
0.545962
-1.33829
1.1532
3.57198
-12.7802
-0.824501
0.252394
0.668799
3.25409
-2.52032
-3.36828
0.760242
-7.12845
4.21228
-6.2099
4.73763
-2.66095
0.554811
-0.0701973
-4.02975
0.469353
-0.100905
-0.336959
-1.23507
3.74257
0.427484
1.45919
-6.32511e-05
0.697889
87.2831
0.471729
9.43759
-2.00132
-0.64987
1.32185
-2.16829
-0.385473
0.774978
-1.23088
0.247362
-21.8808
0.115567
-0.834086
1.20244
-3.00007
0.134727
1.30086
0.120995
9.69861
0.167383
-16.325
-0.496701
-0.918138
-0.733804
0.525893
6.33136
2.03231
0.0453661
0.193233
0.376057
-0.691222
-1.76787
-0.109856
-0.628962
4.65392
-1.36833
-4.52863
8.14237
-1.28233
-1.15982
0.306473
0.648217
-1.38029
-0.386435
0.34868
-4.20344
0.968079
-0.459732
-2.37672
-1.6591
0.303739
0.905786
0.782678
0.624998
-0.131549
1.08051
-0.301416
-0.883392
17.203
-0.337546
0.64677
2.12738
1.55874
-4.17351
0.774936
8.33636
0.155146
-1.4712
-0.309906
-0.106462
-0.110937
1.21607
-1.85066
2.73488
-0.158675
2.03719
1.56689
10.0553
-0.129332
-1.9864
-1.17344
0.50442
0.855388
0.433069
1.21504
-4.12478
4.22985
-1.76554
2.21324
-1.36774
-1.98206
-0.137592
3.1608
-27.945
-2.05322
-8.5377
2.63381
-0.34819
4.3259
0.139635
1.93248
-0.573272
-0.627258
-1.2675
-18.4205
-0.679074
0.640701
9.08175
-0.928095
0.280706
1.6204
-0.0554166
0.412924
-0.169372
0.642851
0.499281
0.885133
1.4003
-0.271179
-0.751892
3.61142
0.262325
-1.14951
-0.287982
2.02832
-1.54112
22.9987
0.153141
-1.00897
0.477194
0.466881
-1.64312
-0.880827
-1.85523
-0.252571
0.183412
5.25815
3.1546
-4.68334
-0.374052
-0.810498
-0.022812
-19.2091
-0.569979
0.819281
0.297829
-0.0688081
-1.21902
-1.65008
-0.560022
0.275919
0.221311
-0.218822
6.79662
0.424499
2.89231
-0.292486
-4.29418
-6.62368
0.485279
2.05168
2.00828
0.266619
4.5735
-0.317789
1.22134
-0.409926
10.5259
-0.511656
-0.133535
0.109147
2.18789
0.093545
13.403
3.76653
-0.485674
-7.24963
-1.59185
0.865042
-0.555864
-1.8603
-1.18216
-33.2886
-2.16301
0.514298
-0.204594
-1.45796
-1.06411
-1.92997
-0.580382
13.7942
0.997613
-9.60203
1.00812
-0.963846
-0.828349
-1.1526
1.67889
4.19572
0.834056
-0.389678
0.796406
23.1519
160.632
6.93749
0.0396195
0.106443
-1.38058
0.292761
-0.32746
-0.302038
-23.2072
0.299675
0.535592
-4.8193
-1.91769
2.74265
0.319681
-0.0298615
-0.791415
-0.457254
-0.514615
0.417429
1.66609
0.617196
1.5696
-1.09576
-0.398456
0.336315
0.681066
1.28865
-0.455406
4.2036
-0.312217
-0.400816
2.84521
-3.03956
-0.420073
-1.35393
0.346537
0.641368
-0.912515
0.0828862
-1.22788
0.425472
0.717361
-0.465526
-0.0425381
-0.208453
2.10137
-0.294086
0.234865
0.0894685
5.9131
0.381628
-0.922434
-0.213481
-0.129815
1.80421
0.153797
-1.9318
-4.28925
5.05986
1.01321
8.25082
-0.282085
0.296489
0.954259
-14.049
-0.0724538
-1.91653
-1.77563
1.08236
14.1025
-0.587363
1.75115
-0.456326
0.528611
-0.448297
0.372485
-2.38525
0.350695
14.64
-1.77991
-4.19429
-0.136289
0.425439
1.27718
-2.83578
0.116006
-0.858026
2.40762
1.02653
0.0520464
0.456175
0.208112
0.145238
2.61084
-0.407352
-0.554526
-1.37203
-2.84846
-4.0739
0.0232372
0.243726
-4.23078
-2.7612
0.775218
-5.27116
-1.03255
-0.439733
1.2906
-2.95404
1.25196
0.0733531
3.81841
1.3784
-8.1755
-17.3051
-1.10838
0.541173
-1.85822
0.589978
0.841445
4.49204
2.59153
1.05915
0.428746
-0.0795043
-0.189322
5.74104
-0.176697
-4.07377
-9.35235
-0.296817
-0.0547111
0.692458
-4.1631
-0.997173
0.899195
-0.294054
-0.976711
-0.861556
0.274644
0.104773
-1.97563
1.01681
-0.143231
0.568124
-1.13424
-1.28749
5.84035
-5.01558
2.6853
-0.773735
4.55743
0.554494
-0.874313
-10.0207
-8.76597
-13.7224
9.57798
-13.8281
-0.0102252
-0.624862
-5.82865
-0.0968327
-0.341559
-0.909114
-1.66077
0.206495
25.6609
-2.08488
-4.46352
-0.607463
0.357146
-0.684195
-1.80117
1.38032
3.30632
0.0886807
-1.32615
-0.845782
-0.83885
0.479915
-1.58542
-0.936419
1.36978
-63.3873
0.334748
3.9757
-0.558963
-0.623866
0.0159136
0.139701
-0.859229
4.51777
2.80947
-1.32138
-0.191466
1.18222
-7.48295
0.893349
35.9064
-0.520025
-0.00971274
2.29845
-0.283062
-1.42302
1.04437
2.97976
0.336445
0.00169489
-1.19078
-0.251809
1.30096
1.00877
-0.0243463
0.03721
-0.128476
-2.23047
-0.0210895
0.56018
0.869289
-2.4437
1.89127
-0.49481
1.44356
1.42103
0.470997
0.647773
-0.553822
0.610433
-0.710169
-1.07811
1.16405
2.2395
0.502777
-15.5476
1.1545
0.881736
-0.610328
-1.56553
12.3639
-0.4971
6.46157
-3.03485
0.921842
0.869957
-0.495161
-18.6274
0.169572
0.336314
0.13308
5.92634
-0.530367
-0.822737
2.49037
2.54486
0.103024
-0.061258
1.70272
-2.28679
0.407038
-1.30725
0.470545
0.926716
-2.63685
2.06304
2.19334
0.751411
-0.181522
-0.683547
1.87722
-0.53643
1.29764
0.280033
-1.75988
-1.05629
-0.895686
1.47622
0.0119046
0.0371814
-0.685916
3.2914
-0.277185
1.0496
0.0167286
-11.5481
0.863626
-3.42102
-2.56244
2.43129
1.04177
-0.850285
-1.85286
0.0371598
1.82538
-0.140245
-5.11369
-2.81826
-23.6184
-1.90741
-0.733583
-0.335324
-0.0670148
-0.878422
0.348543
-2.32686
-0.903111
-0.493632
-0.985539
-1.02836
2.72042
-1.40405
-0.132066
0.873563
2.07113
1.03121
6.33982
4.77829
0.265823
0.628508
0.729019
3.39613
0.260002
32.0035
77.6796
0.512796
0.947203
2.08931
0.118713
-1.41872
-1.43438
-0.579656
-24.8452
-0.832269
0.373672
-0.246054
-1.45478
-1.36162
-3.60706
0.727271
0.812259
-3.05996
3.81048
-1.14554
0.229258
1.54797
-22.0002
-0.053022
0.970075
5.25386
3.20118
-1.74596
-332.536
-4.28791
0.0352881
1.37385
0.585167
-0.622332
-0.42138
1.04978
0.617811
1.02478
0.939722
0.601715
-1.55527
-0.48705
1.62504
9.18708
2.14305
0.566521
0.0304795
2.2955
-1.36519
1.07403
-0.572797
0.181182
0.189337
1.23136
4.96514
1.2331
-0.337825
-0.502652
1.60341
2.69711
6.38282
6.20425
-1.32101
0.273136
0.13556
0.254815
0.105813
0.150453
1.23844
5.89864
0.304112
-2.25779
1.11465
0.0195321
-1.87963
-2.26692
0.0919497
-1.1986
-3.70087
-1.19849
-0.750936
0.55101
-0.216691
1.54756
0.307465
1.17441
0.264361
3.40842
-0.527286
-3.72936
1.41104
0.865959
1.05597
-4.23311
-1.19244
0.896878
1195.21
-0.604009
0.590662
-0.5155
-2.23829
-2.1322
0.533643
-0.962391
0.485851
35.1804
1.24884
3.4155
-1.24183
-0.82381
-0.80562
2.89626
2.40409
0.135473
-0.217742
-0.24766
1.27363
1.75416
0.0123928
-0.24759
-0.778598
5.34939
8.43364
3.47529
3.43415
-2.73227
0.824811
1.40463
-0.172188
0.462219
-1.34587
0.791947
-0.4539
-3.54277
-0.00748468
-0.392671
0.396572
-0.0758982
2.53172
-0.021752
-0.693417
-0.389073
-0.88731
0.788979
-0.278495
0.064512
1.4321
0.36768
-2.57951
12.0206
0.88673
0.986614
-0.672177
1.21221
0.819415
-5.58183
0.072569
-1.76865
6.75071
1.91828
-2.00204
-0.668331
-0.232293
4.10154
0.453906
-1.36355
-0.989668
3.43476
-0.0831654
-1.12933
-3.14799
1.4067
25.1752
0.139977
0.700518
-0.640714
-4.97228
-1.75138
1.53899
0.993071
0.33633
-0.459098
1.85385
0.457146
0.654711
-0.199857
1.48005
-273.554
-0.593897
-1.80501
7.67258
-0.190367
-0.924097
-6.76069
-1.271
0.695672
-1.30658
2.55227
-7.65637
-0.330281
-1.00149
-0.959805
1.3756
2.04039
-3.89957
143.476
-0.354037
-0.591301
1.91505
0.610923
-0.331648
-2.141
0.40092
0.2235
1.37129
-0.690496
-1.67901
1.17405
-1.47119
45.0667
0.38146
2.07002
0.71828
0.905896
1.27336
1.29887
0.196354
-2.39467
-2.02266
-0.138404
0.87894
-1.02498
-6.62753
-2.96833
-5.67269
1.25673
17.0506
-0.36973
2.82939
0.179796
3.19474
1.24902
0.0571948
2.95348
0.500492
-0.391362
0.421552
0.723535
1.9205
0.998167
-0.268692
1.88317
0.513418
-0.552997
-1.95825
-1.96761
-0.0890148
10.7353
8.09904
0.524382
1.01801
-1.33245
0.300249
-5.05329
-0.00646568
-2.78648
1.9594
-1.39827
-2.53453
-1.29349
-2.18051
38.1543
0.0601159
0.235396
1.71927
-1.14571
-1.71661
0.89878
-0.513426
-1.83741
-0.38224
-1.98569
2.33192
-0.257262
1.17261
-0.68673
2.02945
-0.686963
-1.82744
-0.414481
-0.163807
0.976179
2.07025
-1.26603
-0.475622
1.79321
-0.348517
-1.78635
0.393314
-1.38459
-0.617394
1.85365
0.182776
43.7066
0.0277867
-0.417342
-0.99048
1.54204
-1.39748
13.8766
2.31476
0.0548695
-0.534833
0.367299
0.240684
0.179203
0.0913641
0.756262
2.20766
-66.456
28.6256
0.517317
3.93196
1.24967
-3.47934
5.06054
0.585029
-3.29284
-0.325226
1.85444
4.08579
36.3567
-2.61749
0.643732
2.14887
-0.569316
1.03923
0.73241
-4.78019
0.605739
-2.27923
-1.4463
0.871105
-2.87053
0.929498
0.027932
0.0914682
2.1578
7.79607
4.74585
62.2347
-4.11533
5.01833
0.894698
-11.7842
0.695446
-0.930161
3.23834
-0.348888
-1.83282
-0.127222
-0.887426
0.156079
-0.448517
-0.246135
-0.362486
-0.317265
-0.97831
-1.46134
2.16544
-13.6131
3.72724
2.25147
-0.464286
4.81913
-3.07053
0.352072
1.39003
6.37259
0.246668
-0.285629
-13.3456
-0.832637
1.14106
0.196511
-1.94562
-0.406273
-1.19239
1.37034
-0.741209
-12.9421
2.84386
1.12022
-0.755222
-0.293498
1.93911
20.5965
-0.576525
-0.914809
1.16802
0.697299
-0.139491
19.2843
-0.627417
-1.65644
0.220871
-0.245719
-0.0609133
0.388812
15.4408
0.0174239
4.4565
0.371397
1.53345
1.85263
0.638811
0.746132
-0.167526
6.69513
-0.00402554
1.68705
-1.30264
-0.571164
-0.611964
0.000501754
6.76332
-3.03531
9.56828
-0.758189
12.9078
0.627693
17.8695
-1.20646
9.20351
-767.192
0.230806
0.240761
1.21076
-1.07509
-1.09741
0.454457
-0.701904
0.754191
0.253047
-2.232
-0.54964
4.0004
-2.99283
-11.0185
-0.0166554
-0.401778
5.72756
1.67205
-0.524074
1.17538
-3.21037
-0.749418
-0.950789
-0.678132
4.81798
-92.1916
1.74409
-0.514811
-1.02889
2.04528
0.483191
-14.1799
-67.5556
2.55025
1.19585
-0.594583
-0.0334185
-0.279673
-3.52413
-0.934861
0.43076
3.37958
4.83229
-1.72449
0.636315
-0.468107
0.0254871
-0.337965
10.8293
0.387687
0.336307
28.0921
-0.248188
-1.18316
4.26221
0.252962
0.224686
-0.257549
-0.78023
-1.11195
-1.92382
1.53318
-0.812117
-9.0877
-2.50661
-0.417965
-23.0507
-4.04558
0.16458
-1.87373
0.255675
2.41546
0.222562
1.0091
-0.631356
0.918512
0.142908
2.1373
0.419566
-0.248485
-0.329978
-0.295219
-0.00888065
2.42387
-6.36382
-33.8271
-0.0275676
46.6049
1.4557
-0.743016
-2.29391
0.188367
0.834626
-0.892933
9.33344
2.06819
1.22412
0.182244
1.34136
0.671899
-0.652164
0.581814
-0.280578
1.90167
-1.24947
2.11437
-0.228682
1.10487
0.567925
3.26699
0.688498
0.0551338
1.46784
2.25218
1.40883
0.497704
0.850301
0.14128
-3.52301
0.0803192
-0.380845
-0.810764
-0.822122
0.0886538
2.36836
-4.79269
-4.61208
-15.0914
-0.339738
0.781155
7.4972
-3.84658
-0.722881
0.750376
1.17962
-1.39615
-4.13705
-1.9618
0.518547
0.294492
1.63253
0.935686
1.05826
-0.554575
-7.143
11.3599
-0.246733
-1.35354
1.60139
-4.53136
-0.587909
-3.0035
3.06883
0.534968
-2.79632
-1.62488
-1.68564
-6.46359
0.661847
-2.18496
2.1559
0.299757
-13.2529
-0.262865
-0.4672
0.0222514
0.0921574
-25.813
0.415451
2.10356
-3.58822
-3.00617
0.040278
-1.32981
2.4263
0.197343
0.107504
0.762673
-3.47309
-3.15424
-0.203452
1.18079
0.111701
2.45721
0.445831
9.26234
4.62131
-2.64748
0.0608663
-0.221818
0.611895
-0.957821
0.5573
-1.58123
-2.33426
-0.165569
-0.963125
3.16052
-1.15845
0.581758
0.562773
-0.629637
0.303013
1.25632
0.320449
-3.10706
-0.150406
-0.0303659
1.52999
-0.486644
1.74399
19.9885
-33.7792
2.47092
-3.99922
0.592524
-1.09708
0.755601
-0.605006
-0.638698
0.091452
-4.05069
0.429218
0.379514
0.505889
0.46319
1.20936
1.78795
-0.30745
0.473685
1.426
-1.7142
-1.04818
2.04878
2.38359
2.39628
-5.71397
2.87747
0.3115
4.85595
1.27307
0.102283
-1.70046
-0.13889
-0.354066
-0.977224
-0.779546
-7.20112
2.03556
-1.13713
0.0628782
1.06794
7.97486
-0.502779
-1.53501
1.23117
1.34611
-1.03787
-3.34046
-1.31097
-1.19208
-18.7662
-3.98174
0.0100641
4.02202
-0.600335
0.115893
52.0138
-0.958002
-3.40583
-0.392672
2.20177
1.10417
1.6233
1.90687
0.546698
0.191788
5.03908
-0.26062
19.029
-0.0724087
-0.211263
-1.61645
-1.40462
-0.385539
0.212559
1.04558
-0.273138
0.0548826
-2.33186
3.31498
-3.32671
-8.5074
-2.49618
4.8863
0.0247416
-1.65956
0.114771
1.55766
-6.84953
-0.441536
-2.43585
6.4641
2.28901
0.216004
-1.41037
1.08487
0.100897
-0.533379
0.652522
-0.196146
6.544
1.02015
0.215382
0.657281
3.60248
0.652156
0.315759
0.0397628
0.846066
-10.0603
-2.13092
0.293531
-0.395687
0.819016
-0.438366
7.96869
2.69057
1.34021
0.760941
8.74246
-3.39827
-0.648864
1.55769
2.85649
-44.9527
-1.21539
0.726019
57.717
16.8325
0.316242
2.35781
-1.117
0.424516
-1.72641
-1.41539
0.446454
0.447306
1.70201
2.3286
1.70232
-0.199273
0.810122
-0.823318
-0.675771
-0.874177
-0.026405
1.07915
-2.63571
0.279507
-1.17639
-0.825869
1.20586
-0.493187
0.165121
1.27926
-0.877924
-3.02783
0.10049
0.380505
-0.575003
12.4421
-1.15261
-2.59404
-0.511078
1.64534
-0.694587
-3.72002
0.0632035
-1.67077
-0.911746
1.22757
0.495918
1.06821
0.931109
-0.729293
3.54551
0.258914
1.3929
3.75595
-0.793946
-0.409516
1.12316
-2.01278
0.0637565
-0.371109
-3.15877
8.72978
0.893112
-0.364994
0.00914276
-0.902554
1.17374
-0.211722
-0.64761
-1.24038
-0.186675
0.328153
-0.678674
3.22808
-1.54694
1.65925
-0.117346
0.0435563
1.83249
0.56011
2.15214
-0.270586
-0.443878
-4.59327
0.441555
0.0174234
1.09625
2.34999
25.4138
-14.421
-0.0172356
19.7045
0.0718748
-0.731016
-1.61318
-0.00829057
-6.67467
-1.17262
1.09048
-10.4993
1.9085
0.195144
-1.22196
-3.0068
0.964536
-6.57467
-0.447731
0.243944
-1.15869
0.562012
0.160557
0.239684
0.508423
-2.43205
-0.0507151
-0.0796954
3.73047
-3.97309
-25.0519
-0.246411
0.474476
-0.205336
-5.80218
0.0464708
0.0936346
0.227492
-0.33345
-0.624866
2.80451
-3.78716
-0.736961
-0.231894
-0.535786
2.52256
1.16975
-0.72827
-1.08436
0.633393
0.884444
-1.95518
0.804599
-1.03019
0.309559
1.06116
-0.314158
-0.292827
-0.163219
4.46301
-0.426613
-36.5199
0.0211363
-0.430161
-0.884178
-4.10492
1.92074
-1.98002
-4.08482
-0.217339
-4.40935
-2.12572
-0.850663
-1.92539
-5.85685
-0.639264
0.882758
-4.43423
0.593485
1.21486
-1.04633
0.0573204
2.57166
-0.112319
-3.83305
12.5312
-2.1308
2.38627
-0.438208
1.89118
1.95192
0.900632
0.592334
2.43549
-3.31094
-1.19307
0.532769
-1.60599
-0.706065
-0.244881
-4.3481
-4.04105
2.27896
9.77741
2.83259
-0.786686
5.19404
-13.3887
0.628237
-1.46487
0.0784881
0.203712
-0.0655484
1.64885
-116.97
1.22935
-0.0867624
1.66955
-0.56202
1.11508
0.587876
-0.826238
0.0559989
2.32279
6.13881
-3.19251
1.3089
-0.237549
0.740814
-0.843326
-0.134271
-0.846549
-13.2759
0.553746
-0.0642135
0.453424
-0.745586
-0.818269
3.46731
0.152872
6.15779
1.95609
-0.983509
1.79345
0.970674
-0.544125
0.887595
-19.8598
-0.197231
-19.0578
-1.77393
1.28407
0.170893
0.106944
0.399436
-2.89526
0.256137
0.290142
1.30876
1.97492
-2.15444
-21.6704
-0.957797
2.46521
5.50377
3.91082
0.205517
0.5635
1.046
1.99261
-0.0526188
-0.14265
0.798554
-1.28082
2.86271
0.317638
-12.2262
0.976297
0.0458885
-0.453257
-3.5612
0.625123
-0.575441
-0.76103
-0.199583
0.366591
7.9746
-0.300698
5.78195
1.77572
-0.478325
0.360927
0.0707689
0.31112
-0.147251
2.43552
-1.52503
-0.358424
0.242289
-0.948908
-1.16472
0.0479637
32.6461
1.14825
-1.35433
-0.342298
-6.05189
2.59812
2.29627
0.575438
-1.61103
0.215719
-3.98981
139.012
0.962818
0.155729
-1.23664
-0.990882
-59.7906
-0.335963
3.49716
-0.116313
-0.427827
2.02907
1.55528
-0.200675
0.699631
2.01784
-0.484266
0.421205
0.936552
0.762383
17.7472
-1.20603
0.227555
1.49805
0.65506
-0.541447
-0.33702
-0.175034
-1.18193
0.157849
-15.3084
2.96977
3.15174
0.316218
-1.82728
4.51028
-0.399778
-0.565337
1.86817
0.239643
-0.00786651
-0.254094
0.0694058
-2.92945
0.77278
0.42496
0.0204175
2.30813
1.30204
-0.443042
13.6431
2.46148
4.03113
-0.572174
3.76918
0.0667691
-0.183283
-0.151848
13.1169
4.82071
2.65228
-1.28016
-44.0378
1.20741
1.59345
-3.24264
1.32075
-0.956259
0.551809
-0.360475
-0.693428
0.77609
1.8413
-2.99239
-0.129527
0.904301
-0.105902
-0.656994
0.523138
-0.503257
-59.0034
-0.837506
0.530356
-3.1119
4.25136
1.46635
-1.28138
1.15223
5.73892
0.517888
-0.936232
-2.09579
-0.881042
-0.397267
0.217262
-2.36392
0.596289
-0.423688
-9.93627
-0.547475
4.04339
-0.909268
2.61655
1.0121
0.557533
-9.10697
-3.56304
7.01067
-0.233271
0.366699
-2.31528
-2.23799
1.78385
2.30479
-0.374254
-0.805154
-0.399472
0.226219
-2.27676
-0.296642
-1.83865
-1.18252
-1.65608
9.31466
0.185783
2.19062
-0.0342633
-1.91021
-0.102807
-0.823743
-0.660035
-0.286234
0.44195
0.0453977
0.043445
4.70119
25.4616
-5.3738
3.93601
-1.5901
-1.59971
0.32422
-0.380514
1.53678
0.590374
22.6089
1.76106
7.51693
0.0596278
-56.6424
2.0928
-1.3634
-0.795431
2.69436
-0.275433
0.667413
-0.127511
0.812694
-1.38236
-0.281032
1.26205
-1.32584
0.892504
5.58817
4.93704
0.388691
0.434486
-8.56654
384.103
-6.76902
-0.468473
-1.05006
-1.11887
-0.306114
-0.55184
-6.02449
-3.38101
-0.770728
30.3982
0.723653
1.54984
1.14674
-1.25028
-0.619845
1.13542
-0.934309
0.393565
1.10095
-16.8911
-1.41844
0.430949
-0.0851912
-1.78678
-0.900933
-2.30299
0.0416729
6.05505
0.748402
0.129316
5.08157
1.67198
-0.532905
-0.375168
0.969955
2.68864
1.03149
1.26256
-1.3394
6.25865
-0.904739
0.916564
-1.83354
0.920658
-2.53644
0.589723
1.93586
0.673296
-35.5804
4.11038
-1.03122
0.478683
-4.30173
-1.05944
-0.51752
4.34771
-3.35613
0.560366
-0.277529
0.599259
-0.441973
0.368264
0.618018
2.1093
-0.523812
3.03268
-0.577922
-1.40769
-0.346217
1.91764
-6.10525
0.735636
1.32779
0.908663
-2.57047
2.2681
0.310953
-1.31009
-0.286835
2.16411
2.20572
1.01259
-0.674966
1.40486
0.161665
-0.663999
0.589488
1.45212
-0.502844
4.41528
-0.0529748
-0.544702
0.00831889
0.769931
1.53376
-0.506979
1.17899
0.443617
-3.57388
4.9059
1.62832
-0.990183
-0.442248
-1.15815
0.0481178
0.796144
3.0974
-3.85127
1.86245
-0.387575
-1.93639
1.30277
0.0491565
0.362996
-2.76898
-0.55202
-3.19995
5.66203
-0.114556
3.18229
5.11637
3.07276
0.0170904
0.612297
0.290016
-2.03921
0.894414
-0.913251
0.210458
0.363577
0.112197
-2.316
-0.471156
-4.75032
4.84353
1.89677
0.0803808
-1.44701
0.357134
70.8649
0.139782
-2.20785
0.437333
11.9141
0.563939
-9.89682
5.71171
0.0111308
-1.25911
1.88684
-0.480879
1.78476
-0.0490396
-0.178685
-0.606981
1.46091
-792.235
0.549945
0.607899
1.3715
-10.2568
-1.44417
0.579416
-0.316868
1.2101
0.116925
-0.426329
-1.35315
-0.852265
0.559591
0.0809478
0.638051
9.06069
-0.58567
-0.397368
2.06077
-3.07983
-2.00093
7.63698
2.55677
4.66384
-0.536008
-0.432953
0.108253
-0.180634
2.3692
-0.148622
0.913133
0.636007
1.07384
1.07951
0.352176
0.312358
1.54399
16.3684
-1.5711
-0.097998
-0.322036
-1.32574
-2.80474
-0.772391
-0.319295
0.138392
1.30172
1.03297
0.527032
-7.38187
-0.267151
0.152868
0.40916
5.72429
0.972036
-0.632784
0.469517
-0.314077
1.10278
-7.9883
4.02684
0.864068
0.60772
-0.986662
-1.76301
-6.71362
-1.63097
0.287668
6.20295
-4.84886
1.15107
1.33343
7.30693
-2.40822
0.28592
0.477201
-1.03764
-1.91422
1.79483
-0.322371
21.2702
8.21531
0.24559
0.249525
-3.41395
1.17413
1.62559
1.91112
-0.569931
-0.314243
-1.63616
-3.06946
-0.0374864
-1.34993
-0.0858128
-0.243456
2.57348
48.164
-0.316792
1.16223
-0.805119
-0.162111
-2.98238
-0.599208
1.49248
2.47404
8.01184
-5.92099
1.89478
1.43546
-0.112424
-1.36367
2.42633
-0.645164
-0.486928
0.54569
1.37108
-0.293824
1.1834
-4.92953
2.3401
-2.51514
0.517411
0.359284
0.250583
1.28108
-6.2499
-0.347147
0.582767
0.449394
-0.189222
-0.921062
0.702305
0.396806
1.43126
0.876729
-0.254918
0.296433
-0.0596305
0.0763478
-0.438312
0.579932
9.99786
2.04675
-3.56378
-0.0470342
-0.148892
0.109853
-1.85124
-1.32484
-0.254843
0.0242332
-1.79191
-1.17345
-0.329897
0.421502
0.659445
-0.763769
-2.66757
-0.358034
5.78994
-0.145025
0.310429
-6.30433
0.525835
44.1653
-0.932985
-0.662259
0.38222
-1.14361
5.0832
-3.97875
-0.456929
3.30132
-0.893167
1.75185
8.34736
-2.60503
2.8347
0.354622
-1.5736
-1.67004
-0.731699
2.4208
-2.68377
4.73494
-1.99771
0.453496
2.22908
-1.83741
2.47381
-4.93067
2.88746
0.0226335
-0.472842
11.9078
0.272014
2.07162
2.81827
-5.95391
-0.511257
0.588736
-0.1753
-43.009
-0.390244
0.468629
-1.65224
4.09556
-1.83347
21.0623
-0.0114473
-0.207676
1.27099
0.279388
0.306409
-3.41679
0.743595
-1.75326
1.66919
-0.212176
0.997075
1.05527
-2.63886
-2.40364
1.13391
-0.0617561
0.996479
-30.2396
13.341
0.560635
0.125308
-0.254487
-0.208776
-0.278531
2.32356
-0.170151
-0.413612
0.270285
-1.70109
-2.17201
-0.124116
-0.512688
-4.33902
-9.10836
4.41531
0.986361
-72.4268
-1.11896
-1.87912
5.21867
-1.66133
-0.552174
0.195731
-1.46487
2.76474
-0.744958
0.949584
0.120886
0.479228
0.890379
-0.798607
0.273775
0.0931946
0.252741
-15.6507
-0.278621
-4.81387
-0.468497
1.19166
1.19514
-1.41197
13.2268
-3.3023
0.094027
-5.09916
-0.284367
-2.4584
-0.246166
0.455743
-1.21727
2.44258
0.41329
-53.4559
-12.4515
-4.88606
0.697287
1.48199
-0.532557
2.06395
-0.023533
-2.01279
-9.53401
-0.236394
-9.55723
0.796624
-1.09166
-0.390493
-2.72004
-0.764188
-0.128714
2.55034
0.0303987
-1.16691
0.346106
0.239873
0.796163
0.321136
-0.650661
-0.364261
-1.70458
1.00289
-4.73172
1.52499
8.59043
0.345871
0.24202
0.809767
1.52424
-1.20114
-1.49656
3.76631
4.81562
-0.398673
-0.942293
-0.151673
1.51629
0.604602
0.314302
-17.2624
-3.70535
-1.08328
-0.831727
0.472562
-0.357799
1.30956
-0.385221
-2.21899
0.396427
2.86953
-2.051
-4.76891
0.962103
2.24841
-0.47704
0.726117
0.67506
0.0920834
-2.55506
1.363
-0.367226
0.592341
-1.74866
-3.80784
6.85757
0.644532
-1.69095
-0.365284
-1.31808
0.60259
-0.648099
-0.305703
-13.317
1.25194
-0.916113
0.355886
1.06114
-0.550665
-0.148018
1.03828
-14.4713
-0.269041
-0.14516
-1.5966
0.0358759
-1.62191
-0.517727
-0.341849
1.09487
-1.84322
0.652241
-1.80266
-1.19539
-0.38094
0.237818
-0.60895
-0.723031
1.15272
-0.980798
2.65034
2.84582
62.6843
0.874749
-0.51424
0.569716
4.5511
-2.99081
0.764107
-4.38988
1.46253
-2.23135
0.653701
-1.8448
9.22175
0.336105
-5.60986
-2.36559
-1.09568
-0.193121
0.122933
-0.15934
60.2135
0.389965
-1.6519
1.211
-0.102117
-0.392094
0.351359
-0.088313
-0.464633
0.0166908
-0.693619
1.59562
0.40254
0.183612
0.204702
0.208846
-2.06465
-1.14247
0.987556
0.30232
2.29173
0.327324
-0.408773
0.135551
1.00159
2.31755
1.89079
-1.45534
0.395727
-1.06145
0.808438
0.0885505
0.0115442
-0.373219
1.56869
-1.97316
-11.9353
-2.1385
0.534684
5.89998
1.92484
-0.395194
0.131707
-2.67345
0.730753
-1.84688
0.219048
-7.08243
4.38387
1.04359
-6.28845
-1.48516
0.526018
-0.823397
-29.0744
3.82899
3.20909
1.06552
-853.803
0.436322
0.0303672
0.993141
-1.28829
0.336828
0.359509
-0.360034
1.23096
-0.175692
-3.58987
0.168411
-3.70174
-0.129236
0.942047
1.09055
-52.8238
-3.13733
2.94226
-2.1163
-4.14468
2.54588
9.48055
3.59012
-1.30056
-0.637958
0.503401
-3.10007
1.09679
1.00396
-0.227507
1.70124
-0.516764
-1.59647
-7.70748
-0.322894
-9.87299
1.72623
-0.278975
-0.160524
-5.16738
-0.848562
2.03747
-0.44554
-9.18392
-2.31092
3.49649
-0.298076
2.50875
2.29671
-1.75811
-1.16749
0.626587
-1.50819
0.493389
-0.556279
-0.934932
1.15151
0.416529
-0.804787
-0.753256
-0.402346
0.417231
1.31055
0.910498
-2.63771
-0.192465
3.40828
-1.51754
3.39014
0.645067
-0.398925
-0.243247
-0.641351
0.376722
0.747668
-0.391008
-0.624874
-0.479356
0.739855
0.577036
1.6301
0.797149
1.9578
-1.12897
0.959808
-0.756736
0.287085
374.691
0.751071
-0.509452
-2.17208
3.10922
-1.6579
-0.420878
0.0779582
-0.16573
1.04516
5.53191
-8.07775
-0.0660404
0.0179569
3.30408
-0.954041
-7.02786
-2.60585
1.87316
-2.18942
-0.116981
-1.28136
-0.155604
-1.54627
0.03709
-1.89693
1.14621
-0.96175
-2.52935
0.283091
3.71035
-0.127127
0.892818
2.47455
-3.69302
-19.0779
-0.196126
0.149228
-0.197428
-0.56485
0.835498
0.258456
-1.07374
2.42191
0.502908
0.308064
-0.0822955
0.855693
0.454494
5.76963
2.38332
-0.562071
0.554567
0.0885141
-17.4613
272.483
0.0237478
0.724046
2.04552
2.28824
0.125165
-1.02281
-0.616355
-22.5717
-1.73696
0.0218653
-0.524751
0.840162
0.592593
2.47415
0.0549486
0.400357
3.32087
-0.82629
0.321937
-1.42982
-0.150099
1.00567
0.345953
-0.418317
-0.0472315
-0.066836
-8.89308
-2.8361
0.723545
-1.88775
-0.331935
-8.87435
0.608637
-0.777445
0.0440564
-39.308
3.05071
-0.694067
-0.281295
0.329068
1.26336
-0.942212
12.0532
1.56786
11.9706
-0.787856
-0.964747
2.05449
28.7758
-0.756817
-1.08247
1.15547
-0.118781
-0.438739
0.350586
17.6304
0.763934
-0.680052
2.57945
-0.300781
1.50774
-1.50214
2.20763
0.202482
2.22697
1.825
1.49423
0.194519
-2.25095
2.8011
1.19614
0.176215
0.279312
1.1613
-3.70682
1.28117
16.8359
0.454389
-31.933
-1.27396
-0.450513
0.33266
0.669175
0.51791
-0.0998682
18.376
-2.0328
0.276714
0.390754
2.76517
-0.0387708
-6.04181
-1.84753
-0.157319
1.18517
0.73819
-2.04688
0.035582
-0.553508
-1.30625
-0.538616
3.36748
0.425595
3.65206
0.0277407
2.41337
-11.3619
-12.6574
0.319221
-0.601269
0.912946
1.47164
0.247143
1.88788
-1.11299
8.00476
5.94349
-23.2308
-2.81386
-0.838082
-60.5821
1.29298
-4.4149
0.128716
-2.40303
0.825506
0.423016
-0.341494
-0.38992
2.16376
-0.053592
-0.211996
0.152992
0.0422105
0.529781
-1.55017
3.36473
-1.14234
-0.0428713
37.5219
-3.18521
0.736992
-6.05168
177.872
3.28956
0.0873711
-0.28643
0.399575
-1.48378
-5.82962
0.348036
1.21578
0.486425
-1.35147
-0.377446
0.563137
-1.32954
-0.510786
0.515329
3.47422
-0.907566
0.649854
0.112563
2.081
-0.682804
0.980486
0.260245
1.08844
-0.663418
4.924
-1.277
-3.54087
-1.65205
0.303906
-1.82504
-0.718002
-1.45213
-7.23915
-0.12213
-0.944996
0.871439
-0.00193805
-4.19518
-0.11686
0.752023
-1.01596
-0.698094
-0.856524
4.88783
2.3947
1.29135
5.41398
5.05862
-0.709869
1.52492
1.31018
-0.317426
-1.73267
2.07293
-1.02557
0.138262
0.185953
13.001
-4.35196
-10.5476
-1.76456
0.0919388
-0.0490045
10.3241
0.0815985
-1.78903
0.247728
-0.508541
1.26284
0.532788
0.38244
0.0822822
1.11928
-3.73988
0.342978
-0.32466
-0.196437
0.51541
-0.310224
-0.301134
0.0171615
-1.06023
-0.648176
0.869703
-5.60228
0.0641178
-0.268712
0.0915433
0.231123
-1.41317
-0.393142
12.7794
15.3325
-0.264191
1.87021
0.632323
-1.90589
4.6101
2.08828
-0.37675
-0.829543
0.926098
0.0466844
6.24328
-1.52338
-0.310281
-0.384815
-1.91236
-1.02485
0.0718313
1.58619
4.70294
-0.150857
-0.137192
-0.0741376
2.02829
-0.268752
2.0072
0.406111
0.822793
0.367576
1.20768
-15.4634
0.0685057
0.738909
-12.8133
1.05253
-0.205122
0.107416
0.0365283
0.0864802
0.319988
-0.449303
0.938937
-0.690635
-1.37332
0.196565
-0.598268
-0.448241
0.201764
-2.65896
0.720512
5.39256
-0.694972
0.378509
4.56728
-6.19723
0.628696
8.15808
0.831371
-7.12998
1.34063
-2.17175
2.30965
-0.327644
-0.321089
0.102126
1.30407
47.1254
-1.09794
0.876439
1.62711
-0.970261
28.3591
4.83971
5.21096
-1.01022
1.3286
-0.92952
0.289532
1.40465
-1.76441
0.477028
-1.75605
8.16949
-0.0967447
1.44241
2.23337
-2.17386
-0.408827
3.12075
-12.5701
-0.57018
0.12441
2.10314
-1.45065
0.463378
1.87955
-0.669819
-15.6573
-0.540639
1.86962
0.127888
0.136536
0.342232
-0.36938
-0.644101
0.120394
0.270101
1.32118
-0.308706
1.66147
-0.397948
-5.92454
1.84715
-0.141686
-3.23758
0.126178
-0.512921
0.573331
-0.0610033
-1.20948
5.92948
-4.14602
0.231456
0.637393
-14.064
-0.423924
4.38437
0.967233
-1.77098
1.17092
-1.16485
-1.6638
-1.82426
-0.0609737
-1.04088
1.58929
-3.1671
-0.663039
1.44781
1.95929
-0.185213
-0.424503
0.84898
2.67185
-0.137195
-2.64539
99.7207
4.94691
-16.6316
0.767583
0.874551
1.51619
-0.593787
-2.14607
19.3603
-1.31819
2.39919
-3.4019
-0.0317777
1.93578
1.13652
-0.0927678
2.27492
1.12702
-0.123887
27.2797
20.6808
-0.580267
2.88488
-0.256435
0.178659
-4.79315
-0.518146
-0.551863
11.9513
0.862906
-5.38945
0.0314116
-0.0676105
-0.206067
1.93715
1.38268
-1.9674
-2.58836
-0.711728
0.141516
-0.233833
-4.94605
10.3826
-7.03504
218.073
-0.11472
-1.67153
-0.393279
-3.42464
-18.3651
0.775247
-0.897578
-0.200388
-2.37719
0.0120096
0.444322
-0.281481
0.868023
3.95162
-0.869344
0.782142
1.17984
1.98652
-0.809304
0.150141
0.487124
-1.84478
2.19572
-2.8556
-1.77928
0.175185
-5.44922
-3.38728
3.98078
1.62298
2.51272
0.307442
0.314856
-2.01211
-0.275809
0.194907
-0.366023
-5.22146
0.155632
9.29996
-0.464374
-0.769433
1.33845
1.53581
-0.933767
-2.65026
-1.10069
1.54627
-17.1469
4.0797
1.5156
-1.2507
-3.02333
20.626
3.49824
-0.292073
-8.17759
2.23499
-2.00165
0.213592
0.118491
0.547709
0.617243
-0.799387
1.3795
-0.0158861
0.466896
0.311284
-0.339769
-0.64237
-0.499725
-0.121266
-0.429242
1.02883
-0.598782
3.8563
-0.420363
0.0641628
-0.212326
-1.30677
0.177262
-5.75943
-7.63791
-0.386633
1.28002
4.16236
-0.717483
-1.79463
0.130218
0.317811
0.469435
1.58382
3.10291
-0.0768436
0.44798
3.4993
-13.0614
1.74489
0.0711949
4.03671
-1.26031
1.99211
-1.05896
1.0175
-1.01769
-9.83002
2.04353
-0.315215
0.123014
-2.13737
-1.33623
0.700616
-1.85827
-0.452874
-8.01335
-0.349203
-5.43896
-0.211732
-1.3444
0.0382061
-0.322983
0.93619
1.07062
0.420676
0.103931
5.73106
-2.34176
0.928911
3.90095
0.657653
-59.306
0.377902
-1.0531
-0.410647
-8.35951
1.99462
-2.30048
-0.888343
-0.0924896
0.570916
0.166018
0.745438
1.09553
1.19942
0.180753
2.19369
-0.792065
0.389997
-0.112339
0.264978
1.35715
-3.48676
0.893861
4.1756
6.7775
-0.676867
0.224587
-2.44543
0.292542
0.229877
-11.7044
0.34805
19.3482
-2.01112
1.22847
-1.06548
2.14961
-0.151032
0.565036
2.33429
28.1905
1.42907
-1.10819
0.0958196
0.264233
-9.61348
0.552799
20.3977
-1.20799
0.337929
0.97336
-0.174127
-3.13905
-1.01918
-0.274419
0.802151
0.0463168
-1.26598
-1.82226
3.01523
0.655183
-2.69928
0.554154
1.22975
-1.4731
-0.346276
2.4392
-0.829988
3.63656
-1.24432
-1.52657
-1.13923
0.358207
1.24929
-2.32511
-2.12126
1.52076
6.22184
2.70537
-1.18861
0.900191
0.511495
1.38104
0.705187
-0.160923
1.20123
-0.359171
-0.0309926
-0.146506
50.4453
0.933598
3.20141
-45.3493
-0.409024
0.143699
0.399063
-2.90721
3.11467
7.81591
117.914
-1.04633
0.319769
6.6042
-1.37438
-1.0863
4.55177
-3.60649
-0.201856
0.890648
1.0864
-0.854601
0.0450742
-7.01542
-2.64481
-0.855223
0.355517
2.68403
-8.7027
-0.700297
0.256164
-0.77933
0.640176
0.682698
2.37538
0.420837
-27.2681
-1.92829
4.35553
-1.73896
0.431814
-0.674199
-2.81105
-1.43214
1.05268
1.24901
-2.3638
6.04263
0.587663
0.949768
-4.54062
1.33331
-5.3264
-2.10053
-0.953472
0.29965
-0.366103
-2.65921
1.59596
1.39442
-1.24348
0.543411
-0.281999
-0.517031
-1.42083
0.319234
2.26788
0.347634
-0.0242644
-11.6657
10.9578
6.27925
-5.35789
0.0938083
2.14351
-0.296167
-1.00016
-0.0919809
-2.06926
0.889881
-3.38708
0.317969
0.572779
4.32726
-1.38405
0.133106
0.707658
-3.16934
120.048
-0.578148
-1.86008
-0.808657
9.96831
-1.07155
0.0757838
2.27459
0.54884
0.58356
0.118524
-3.98761
-0.375422
0.43364
0.856097
1.19054
-1.52507
-0.68085
7.19997
-1.59016
1.16523
-2.72367
-0.764277
1.51956
-0.000335573
0.555746
5.28964
-25.3528
0.613471
6.16068
1.67361
4.70538
-1.61576
-0.366757
-1.81157
2.00299
35.9312
-3.13471
-0.596313
-0.408825
-3.30717
0.130687
-1.08175
-1.49013
3.83487
-8.3788
0.673136
3.71918
5.24043
-1.52554
-3.04376
0.405346
0.242781
4.3352
3.01937
2.15205
-1.73296
1.08383
2.6175
1.97906
-0.466461
-1.13718
0.661733
-0.562174
5.46918
0.753438
-0.599211
-8.00178
-0.568161
-1.25771
-0.0634902
-0.101988
0.447068
0.0556978
0.716095
-0.829886
0.662466
7.78155
-3.65072
4.94379
1.79757
-7.34718
1.91683
-0.292406
0.689298
-1.36058
12.2812
-0.711057
0.874898
0.0552625
-0.0763162
-2.2823
2.44864
0.465236
-0.188729
-0.0922991
4.72272
-1.29558
-14.1462
0.0816886
-1.11294
7.42784
-17.5324
9.13578
-0.383071
-0.353435
-0.374883
-1.17537
-0.385791
1.64756
0.118553
4.95696
-3.21069
0.637087
0.330161
0.861267
2.87546
0.830225
-1.19993
-0.752406
1.30744
7.0085
1.52285
-0.650385
-2.0676
-1.4994
-0.410276
-0.0714467
-0.2017
0.61984
-11.1748
-2.02517
2.41591
-0.88557
0.656768
49.0234
4.78013
-0.978157
-0.452511
0.898183
-1.74666
0.216169
-1.21243
-0.316297
-5.04523
0.742579
0.266905
0.288837
-0.662732
0.217508
2.24729
0.219781
-0.0233303
2.00828
-325.148
0.237801
-0.458387
9.05154
-1.51212
-1.51492
-2.31573
-0.570898
0.0956441
-1.18021
5.79955
1.11086
-9.70978
10.9087
-3.07546
-0.145897
-1.22221
-4.9388
3.88155
4.38937
1.66704
0.487028
-1.77079
0.955696
-2.25573
2.58084
-3.37026
6.23897
0.95996
-3.44905
2.07434
0.375357
1.4438
-1.45286
0.109086
-0.862268
-0.548004
7.47923
-0.526055
-0.727792
0.115952
-0.10097
1.97888
0.841837
-0.0773503
4.26975
-1.00266
2.89654
-3.12089
-0.740074
2.68597
1.23602
-0.0734295
7.34762
-0.167287
8.54774
-0.823137
0.485612
3.21858
-1.12276
9.59644
-2.36546
-1.58166
0.24433
1.09715
-1.1171
0.213061
6.04123
0.192653
0.407329
-4.01595
0.214867
-6.1817
0.835441
-1.22044
0.152165
0.0935862
1.49801
-0.534164
-0.324646
-2.37437
-3.491
2.02541
-22.4214
-3.07791
0.922805
0.146213
-1.86933
-0.0933085
4.58201
1.20285
294.05
1.39591
7.57218
0.448203
1.16852
0.391133
-2.52
-2.92005
0.255846
-5.22668
1.46015
17.4616
0.0921227
-1.8619
0.306452
-2.95919
1.34458
-3.73704
0.617438
-0.631631
9.88362
5.79306
1.26402
2.49422
1.60386
9.85451
-8.71622
-0.341517
4.855
-3.89448
1.00853
-0.113975
1.12946
0.1233
0.865008
0.606109
-11.3934
-4.80972
2.28976
1.56906
-0.400838
1.72794
0.365417
-2.16566
1.59781
-0.70379
1.89532
0.560612
0.575753
0.279685
0.842044
-1.95928
-1.11456
-2.13482
0.435268
-1.85419
0.423082
-16.4605
-0.325809
-0.471721
1.26771
-12.1878
74.8042
-0.382663
-0.813656
0.606633
2.3748
-0.68423
0.103098
-0.216801
-0.496133
1.89436
0.657787
-0.080932
0.909516
0.995083
1.53873
3.53877
-0.0264395
0.0952782
0.254935
0.278463
-0.835216
-24.459
-0.279579
0.371381
0.921534
-0.0613372
-4.75264
2.19296
2.61859
-1.07144
4.70895
14.5983
-0.319178
0.166471
0.995685
-19.0591
-0.68247
0.472776
1.70819
-1.47573
-2.29529
-1.04042
0.00353174
0.872838
-0.402748
-0.539684
-1.61099
-0.237188
-15.8132
4.53912
0.809944
-0.05294
0.52488
0.741763
-3.13773
8.32077
-1.47541
-2.95298
-1.61684
2.51721
0.684807
9.08083
-0.236644
0.351228
4.14127
0.983666
-1.01206
-0.248702
-22.8021
-0.202139
-0.382258
-0.71213
11.1037
1.89364
-14.9693
0.0996091
-1.91109
-0.411663
-0.287204
7.01804
-0.2715
6.63664
-0.276652
0.417965
-7.27322
0.995046
3.06814
-0.146692
0.723148
0.149354
-0.326296
1.82995
1.71349
1.35958
-2.06937
4.57955
0.0137392
3.76574
0.0381485
0.677802
-1.27123
-2.2754
-0.470351
-0.427196
2.02169
-3.77814
-0.223086
-6.91918
1.47094
0.913931
-0.0322655
9.47405e-05
-46.7213
0.0063239
1.73903
3.15199
61.6241
1.43016
-0.457576
1.22648
-0.602343
-0.0766308
-1.13226
-0.272253
-1.96269
-0.00229091
0.0545235
-2.11909
-2.79195
0.621153
0.801462
-0.662065
0.271993
-0.123103
-0.929471
0.0212788
2.0067
-0.0308945
6.72055
-163.182
0.230056
2.54283
1.05631
0.612856
-0.790301
0.488357
1.58935
-7.01412
-1.84008
1753.77
0.0970357
42.1762
0.0957981
4.02696
117.974
0.831338
-32.1953
0.583629
-0.0348935
-0.817566
-0.536737
-2.28586
-0.372145
0.319753
-1.11993
0.276784
-0.0410842
3.16209
-1.01876
-4.59663
1.492
1.06109
0.107541
0.758025
0.189071
-7.31545
-0.107161
1.69692
-4.07352
-0.257865
1.18351
-0.311099
0.358116
-0.142046
-0.466251
1.37206
0.317432
-4.065
1.14423
0.0694871
-0.984353
0.186478
0.87909
-0.0242817
0.365655
-0.516813
-3.86289
3.31024
-1.62004
-1.82263
-0.750746
3.73464
-1.80668
-2.0995
12.1617
1.40172
59.0325
1.65304
0.349312
-0.938976
0.274112
0.152306
0.655259
3.39943
-0.366207
-2.11346
-3.43643
-4.64425
-2.89001
-6.37986
0.0917883
2.71364
-1.23822
-15.3979
0.991561
0.413418
-0.891642
-0.516753
4.02266
-3.53613
11.1531
2.80209
1.30523
-0.819721
-0.36737
-1.54086
0.532648
-0.74547
1.08676
0.104881
-0.574882
-4.21355
3.04494
-0.677991
0.310275
-2.2641
5.16162
0.621583
-0.115437
1.48127
2.04853
-1.34923
0.279373
1.48923
2.28087
-1.82644
-0.551442
-1.9367
-0.872723
1.12651
-8.073
-1.08163
8.02757
0.539652
-30.308
-4.41
1.37118
3.05221
0.0663122
1.14352
-41.6318
-5.22656
7.02941
-0.274001
1.00461
1.27713
-2.50068
-78.9174
0.178545
-0.64066
-12.6253
1.16724
-0.325162
-1.33755
0.468334
-1.67335
-2.49147
-11.8427
1.60135
4.1098
-0.296847
1.10526
-53.2521
-0.779921
1.09909
-0.0483308
2.72463
6.80046
-0.204235
-1.63198
-0.371504
0.736087
-0.0923688
-0.629588
0.913652
1.10376
1.08082
-0.737871
2.86469
-0.0162753
0.675635
0.904824
1.95397
-3.03343
-0.815072
0.348615
-0.495471
-2.0292
-1.8672
-5.54561
0.107755
0.377643
-1.18854
0.0741991
-0.0458669
-2.71724
0.363108
0.279049
-1.75573
1.21496
-1.22438
-0.930043
0.363345
-0.979497
0.160277
0.478777
-27.8131
1.14646
1.38569
-1.30179
0.869755
-0.688806
-0.0852736
-0.483696
-0.649168
2.9792
-1.9345
0.474428
0.445397
0.615888
-2.22694
0.283463
5.97259
-1.77218
1.74402
-0.109238
0.993991
-1.55144
0.0251829
-4.25287
-6.8757
0.483597
3.0965
2.07356
-0.838695
0.662069
-3.89536
0.392497
1.6325
-0.333373
0.959696
20.4306
-9.34138
0.545957
-0.269638
-15.9117
-1.36186
0.374885
0.503564
0.93595
3.0699
-0.586306
0.591189
0.894062
-0.0124158
2.93789
0.959708
-0.138659
-2.07781
-0.271022
-0.486398
6.92245
0.884599
-0.68954
0.28054
-2.08224
-2.14909
-1.70221
-0.903582
-0.0166328
-0.758543
1.66268
1.29466
0.0957825
-0.584075
5.56908
11.1172
0.453053
1.3414
-4.2445
12.2128
0.568085
1.05108
-1.30497
-7.43842
-1.28433
1.63533
0.119499
2.55573
-0.28814
0.859311
-0.0136421
1.64023
-6.90415
-0.711652
1.14284
0.952693
-1.15415
-0.143563
-0.716329
0.12647
-0.0405093
0.818245
3.37077
-0.635639
0.92161
-0.00400066
1.94217
0.983675
-0.0541187
3.00383
-1.02223
-0.489157
0.0339552
0.400048
-5.50268
-0.172276
4.33318
6.4843
4.66647
-9.06002
0.298406
-0.674519
-6.06056
1.53305
2.90526
1.262
-1.64529
-0.704954
1.47726
4.81696
-0.822478
-0.756113
-10.8118
-1.58571
1.1263
1.33984
-3.5027
-0.654669
17.5955
-5.04171
0.279064
1.0763
-6.13321
-1.37073
1.00142
0.366187
0.961211
0.29794
0.643286
-7.07841
-1.5306
-0.188336
-0.223519
47.9168
-0.769866
3.15737
0.494111
0.116615
-1.54432
-11.1128
-1.77633
2.66597
-24.0336
-3.35676
-27.1541
-6.0152
0.34541
0.961367
-1.18778
-1.80293
-1.96069
-1.12137
-0.100614
-0.421085
-0.247032
-0.243084
-1.77982
-1.86243
-2.0327
-2.46975
-1.61393
0.238329
0.585093
-0.572913
-0.539617
-0.51961
1.45312
303.139
-12.4964
0.0427545
0.491839
0.354163
57.3036
-0.201798
0.226091
0.245703
0.773096
0.800715
-0.556641
-2.13225
0.217693
-2.96871
0.438671
0.755929
0.024911
1.51669
8.02376
-6.80548
-0.386962
-0.796302
-14.0649
9.23205
1.34116
0.0269208
3.78138
-0.130152
1.94574
-5.15434
-27.1426
2.09449
-2.00632
-0.190937
1.62262
0.118761
-2.51892
0.50592
2.82514
-0.225574
0.438106
0.0221085
-1.51739
0.147952
0.114505
1.87246
3.86011
2.89664
1.22486
1.74484
-0.850008
-0.7588
0.850035
5.70558
0.222611
-4.26663
0.462299
-0.178844
-1.16811
-1.24518
1.16368
-130.193
0.354209
1.12039
-1.17612
1.22578
0.681762
2.59049
0.64187
1.28107
-2.08057
1.88465
-1.77108
-0.106913
-1.85041
0.226409
-3.08448
0.689577
-1.57982
-0.356079
-0.514854
-4.33388
16.1076
2.70008
-1.62629
-0.516418
2.01925
-0.350914
-0.078676
0.318865
2.62615
-0.993767
-1.65975
-1.24878
-0.233439
-5.77155
-0.120091
0.603534
-13.3886
1.03707
-0.639282
-0.555222
0.139726
3.20692
-2.04624
0.465536
20.2358
-2.32258
-7.14579
3.92331
-4.06195
-1.8867
-0.14233
-0.702457
-3.37499
0.467445
-0.521838
0.654789
-1.22537
0.644941
0.511732
1.20166
-517.461
-37.2086
-1.57856
-0.206223
0.423822
-0.979714
-2.30555
-0.383189
-12.1411
1.82271
29.0574
0.763143
0.965141
3.52162
1.74521
0.262994
-0.691201
-4.99192
0.510945
-0.0351715
0.420836
1.42411
24.8715
-22.5242
57.1236
2.43751
-0.378279
1.91919
-3.78413
-1.28849
-0.361216
0.568105
0.693066
2.31652
-1.86324
0.253897
-0.865153
0.787835
-2.61201
-1.7956
0.616551
-0.546188
-1.32309
-14.2262
3.63541
0.208603
0.459436
-24.2887
0.958091
-2.57552
1.07952
-9.55
0.0209112
-0.170362
-14.6677
-1.88993
1.0421
0.808191
0.625417
-0.993864
10.9657
1.43918
0.551426
-10.1516
-2.78097
0.122051
1.26243
0.182263
3.42108
-1.32864
1.03372
2.42418
-0.413084
-0.900101
-2.0489
-0.357751
0.625219
-1.24706
-0.583684
16.6354
0.891071
0.13966
0.670504
1.39765
0.085604
1.59523
-0.20575
1.86271
2.38019
-0.959105
1.19603
-0.0673772
9.75142
-0.104466
-2.55125
-0.212379
-0.00740067
-0.783594
0.492112
10.9642
-1.16958
-1.75467
-1.71612
1.06434
1.64845
-1.98706
3.71671
-0.0476568
-13.5049
1.66719
6.05634
45.725
-63.3873
-2.43266
-2.10914
1.12878
0.0373816
-0.509471
-0.445323
-1.27502
429.904
0.918375
-2.72002
-3.66639
0.319719
-1.0355
-0.385981
-0.0247092
1.00424
-0.741914
1.03405
2.26466
2.27666
-258.779
-6.07122
1.48145
17308.5
-0.175553
-1.1915
-1.67606
4.49737
1.34151
3.61654
1.63017
-0.180445
-0.483749
-1.42552
0.209659
-3.71352
-0.377603
1.38172
0.236175
0.459442
10.9031
0.30751
1.33961
0.854404
1.22765
-0.19954
-0.444945
-0.487338
-0.593023
-0.203515
-4.00905
-3.33823
1.32536
-2.00716
-0.659123
-1.6333
0.582728
0.139369
0.697047
-0.59038
-0.361592
-0.173564
35.7096
0.176424
2.57603
-0.594313
-0.419837
-3.65716
1.37775
2.11499
0.665173
0.495041
-0.56975
-0.0588562
0.00540274
0.972538
-0.548382
-0.0448482
-0.339164
-2.32189
0.373435
-0.0803513
2.68068
-7.22753
0.222829
-9.16572
-0.390703
-0.0326094
0.0851594
-2.74088
0.728096
-0.50042
-5.73442
4.5937
0.554035
-7.4773
8.14939
-0.599777
-2.6742
0.736719
-20.0107
-0.430417
0.0242274
0.614176
-2.56955
2.89184
0.434261
-2.92598
2.60423
-6.27292
-7.84441
155.325
-2.59343
-6.53364
0.731701
0.679383
-0.276048
-2.0607
0.310563
0.881012
-0.0614024
1.40234
-1.37034
0.404452
0.0284583
-1.11186
2.72197
11.312
-2.8716
0.745988
-1.76446
19.6358
-2.08307
5.91568
-0.986564
-0.0446414
-3.96537
-0.55019
-0.564403
5.77694
1.59591
1.38561
-0.827613
0.667975
1.76108
-0.40594
-1.63377
-0.780761
2.00676
-18.0539
-1.2871
10.6585
-0.0688749
-1.73824
1.1674
-1.2555
0.413627
-1.18306
-0.72308
0.781557
3.05273
1.33412
-0.938037
2.70114
0.730019
-0.116446
0.195539
-2.73291
-0.186458
1.01336
-0.335625
0.502927
0.244636
2.12369
1.61345
0.810162
-3.40539
1.02815
0.945851
-15.5353
-1.14507
1.44642
0.589357
0.310665
-0.0479802
-0.170167
-6.08929
0.283213
7.11332
1.28865
-1.76253
-0.0897179
0.0712068
1.18992
152.517
-0.298042
-3.18742
-9.59222
0.20984
-0.42453
0.00341706
0.887279
0.0119706
3.46653
0.0794673
-2.24045
18.4079
2.69952
0.128341
0.311946
0.0457381
-1.02032
5.72355
-0.0278898
1.72694
0.0359165
-1.54881
-5.21084
0.320251
0.857812
-1.29848
127.578
1.60758
-0.749793
-1.05255
-2.73826
-0.698077
0.120263
9.56285
6.30443
2.58848
2.58376
7.36412
-6.87061
-0.444657
0.152664
0.214692
0.818932
2.03051
-0.241572
-2.38894
0.721976
2.67466
-0.170514
0.944154
0.0904522
1.11806
-0.643543
-0.646048
-0.563279
-0.76825
-0.904977
11.5354
-26.0953
-0.993842
5.5238
0.00143283
-30.3193
9.16075
-1.41358
0.270305
-1.36557
-2.19955
0.0182235
0.366676
-1.82937
-0.308543
-0.64413
3.00459
-4.39475
0.836407
2.36552
0.49559
-0.415537
-0.196301
0.575323
1.44598
2.07743
-1.37051
-1.98918
0.035335
0.664173
0.169118
-1.77455
0.572861
-0.422737
-0.443664
0.512261
-1.73583
1.09318
0.732158
-22.76
-0.072305
-0.700935
-0.120676
-10.0195
0.230757
-0.54001
-0.754705
14.5078
0.443691
3.06107
4.65422
0.133615
-1.50717
-0.290192
2.05144
0.0203884
-0.600484
-0.0573143
2.00444
-4.23117
-0.11782
2.60754
0.740837
-0.927856
40.1134
2.97646
-2.09039
-4.11559
-1.41369
-2.74728
-8.14428
156.274
2.83786
-0.00194277
0.419296
0.612613
0.564916
-0.0976935
0.274463
12.2021
-0.214771
1.56833
43.3323
0.509438
-0.454958
1.12038
-1.71527
-0.0329152
-0.204233
-0.157675
-1.58524
0.0291228
-1.66745
0.0981438
1.63346
-0.563758
-0.670646
0.789714
0.0112127
-0.629785
0.591449
0.160557
-5.39675
2.79356
-0.347485
0.80093
0.0680565
1.58327
15.3538
-1.25198
-4.39044
0.567055
-1.06425
0.0433458
13.8776
-0.950076
0.302479
2.19355
2.78331
16.831
-0.169473
-0.109194
0.0605685
0.55824
0.431709
-0.781471
-0.701793
6.79442
1.28788
1.57249
0.54985
0.180437
-0.67832
-1.04365
-0.155953
1.58683
1.5038
-0.382198
14.3062
0.287062
2.47628
-3.23792
-0.0297647
1.52399
0.464798
0.888558
-0.552056
-0.261154
-1.5337
0.346038
-1.64643
0.356688
-0.901923
-0.224917
-0.490661
-2.28979
-0.17332
0.395977
-0.435477
-0.76976
0.488985
13.132
-4.37468
1.52294
0.599465
-0.167258
-0.554901
24.0565
0.348265
-2.64327
1.65128
-0.0901212
-0.166838
0.591407
0.0969784
3.17189
1.11755
-0.368444
0.196561
-0.1025
0.695529
297.991
-0.0374705
-0.660812
2.8145
2.99154
-1.50516
0.32035
-0.774814
3.70806
-0.0181956
103.54
-0.81432
-0.0916348
1.88174
-0.882678
-0.248624
0.632305
2.10689
-49.9017
-1.75089
-0.596386
-0.883939
-0.498822
-1.10293
1.32177
-0.117042
-9.45397
-0.93309
7.27842
-1.69172
-1.68661
-2.53384
-12.0723
-1.52196
-0.704733
-0.490597
-1.38475
1.95515
0.288205
-12.3177
-0.971634
-0.439937
-0.0638886
-0.66749
-0.312596
-0.688707
0.16382
23.4261
-2.40794
0.200475
-1.05519
-0.141769
3.33834
-116.943
0.666816
0.895852
-0.6472
-0.929004
1.42266
-4.96629
-0.607454
0.172878
22.5577
-0.0759332
-0.0678655
1.73247
4.81394
1.76333
0.952289
3.674
0.0876241
-12.3606
0.224977
1.08803
-1.06377
1.42879
0.486178
0.672458
-0.0152719
6.35811
0.360587
-0.0390041
-0.437206
-0.98393
6.87761
-3.55734
0.260748
31.1653
0.587615
0.294164
1.17327
-4.87127
-0.167978
-0.451716
5.29791
0.447218
-0.873401
-0.246039
-4.24498
3.66191
10.6378
-8.87232
1.54167
0.750204
0.65851
-1.89966
2.1775
-21.4401
0.407761
0.304087
6.87756
-1.11644
-0.378971
-0.601336
4.53243
0.664134
-2.5574
0.613911
0.278318
-4.52079
0.353142
-1.09367
0.189771
0.842356
20.2631
0.227453
-0.114024
-4.76074
-1.37749
-1.1989
1.11216
0.952276
-1.38081
-0.837673
1.91931
0.970019
-2.47004
0.265581
3.06203
-0.968833
-4.46956
0.144146
-0.724577
0.0969448
-0.384435
-0.619453
0.568205
0.722886
1.52462
0.712276
-1.86308
0.441164
-0.037621
-0.281454
0.6738
0.595394
46.7752
2.04281
-1.84677
5.76252
-0.308366
0.0964316
-0.98379
1.33256
-0.0315097
39.9191
-0.242904
-0.643447
-1.18955
-0.525805
-0.204744
8.4273
-1.91885
0.109448
-3.58883
-1.32943
0.386203
0.617315
-21.5552
0.321759
0.180413
-0.248182
-0.116891
0.0123171
-0.389086
3.78158
1.44021
-0.73513
0.41393
-1.27916
-0.0353363
0.490629
-2.19669
13.7775
-0.846749
-0.660775
-13.6468
2.24357
0.542223
0.677557
-0.0615392
0.73608
-0.931653
-0.426598
-0.759203
10.5908
-0.539581
-0.0768561
-0.670283
0.0236416
-0.725298
0.815552
0.815502
-0.0393151
-0.631466
-0.0352121
1.14727
0.669728
-23.1592
-0.82407
0.4682
-0.187502
-0.751775
-1.41097
0.389331
-0.417907
-2.1515
0.611077
-1.07383
-0.345064
0.29885
-14.9934
14.0294
-1.2914
95.2781
-0.855969
-78.0605
-95.3034
-1.93887
-0.97962
0.536672
0.871155
-0.485344
-0.734275
0.821264
-5.41956
1.12144
2.31425
-3.86841
-5.79693
-2.56496
-0.702859
1.53528
-0.205327
1.43508
1.42763
-0.0694353
-1.27005
0.120962
-0.402295
0.791473
-0.230329
-0.867707
0.149819
-1.47473
-1.68852
2.91041
-1.52467
-1.72642
-0.515788
0.327116
0.913766
0.796659
0.16915
2.41398
2.76897
-1.94077
-1.21828
2.26331
0.68436
1.95471
0.578978
0.683607
-0.0988882
-0.722968
0.603697
1.02256
3.15088
3.16077
-5.36904
-2.35128
0.3099
-0.21984
-1.65607
1.03392
0.23278
4.15453
0.556655
0.228257
0.443155
-1.70346
-0.137752
1.20947
-1.02249
-3.86972
-0.936029
-0.123811
1.84366
0.222251
-1.02585
-0.360634
-2.09209
0.0997763
1.24908
-6.44912
1.01697
-0.0911872
-2.87151
-0.803521
0.524142
0.093924
-1.59552
-2.96967
-3.03592
0.37542
-0.54404
11.3401
-0.28008
0.48807
-1.95792
-0.463352
7.42094
-1.51791
-4.15645
-0.0828202
-0.789734
0.852171
-0.809048
-5.60791
9.4399
0.111984
-2.1377
-0.604298
7.76711
0.899586
0.321864
-0.446319
-15.8452
-0.887204
0.545956
0.131389
-3.19659
-0.768626
-1.65076
0.0129343
0.766587
-0.615966
-2.50567
1.1318
2.01723
-0.288125
-5.62872
0.953809
1.09658
-0.0946541
-0.457441
1.01686
1.37359
0.360676
6.25403
1.30831
-2.49522
-0.515998
0.532349
1.07888
-1.60518
1.00372
-0.131285
0.360474
3.14308
-12.9103
-8.51284
-6.26204
1.231
-0.548244
1.68078
-0.153735
48.1174
4.06877
-0.402581
2.60004
1.21016
-0.68307
0.099802
7.12254
-0.269196
-0.294645
-0.264966
-1.5083
-2.19223
-0.70477
-0.470335
0.642574
-1.03061
0.715034
0.0328388
-12.3333
2.14987
0.801475
1.06772
-1.77585
0.665034
-1.74204
-1.17732
-0.0210247
14.4432
0.710771
-0.0288195
0.161284
1.91114
-16.9735
0.133046
-1.32817
9.79414
-0.305927
0.25427
4.12609
20.2865
-1.48664
0.392626
11.9511
3.64763
-0.270551
-0.535266
0.0499583
1.81132
0.576582
-15.5199
0.162894
0.246092
-0.524124
3.25892
-0.673141
0.46807
-0.0649562
-0.208748
26.6677
-10.0057
7.09467
-1.05554
-0.758534
-0.0303968
-0.66166
-0.208787
1.08157
-12.7888
-5.28081
-0.349608
2.62831
-0.556384
14.3677
1.21975
0.37665
-4.67221
0.752384
-3.01891
-3.84507
-0.363401
-0.199071
-0.704138
0.962976
0.538632
-0.185471
1.18941
0.25074
-0.573011
-3.48492
-6.93619
1.58735
0.428747
-0.71931
-1.52797
0.117046
-0.495481
-0.974307
0.0496731
-1.31367
0.817936
-10.1554
0.312733
-16.7315
-0.0500576
-0.0439318
-4.7552
4.49891
-0.570004
0.244879
4.76793
2.08209
7.47989
-0.833909
-0.909974
5.04324
0.49207
0.865493
79.6046
-3.76942
-0.053945
-0.121676
-0.407103
-0.962446
-1.17222
4.56226
0.28878
0.622539
0.667528
-1.19073
-12.5778
-1.03857
0.314046
0.716164
0.197277
-1.39667
-2.06241
0.455677
-0.107197
-2.63246
0.676167
1.05117
-1.65621
-1.46702
-0.720361
2.27763
-0.861265
-0.842814
1.74361
0.0793573
-10.2187
-0.0192616
-59.0861
-5.21645
-0.572535
0.749328
2.63186
1.33129
-17.2114
14.078
-0.493097
-3.87764
-0.950616
-4.63179
1.74113
-3.25684
43.6409
-3.43501
-0.427793
-1.51333
-1.81471
-1.95537
-0.665651
0.316173
0.0165745
-1.30207
-1.5912
-0.497857
-1.75282
-0.757443
0.072362
4.68289
-1.1117
0.34738
0.131545
0.508129
-0.233558
-0.619322
0.338083
-6.95729
1.0081
3.23199
-2.24727
-0.614945
-0.453595
-2.78093
2.17768
-8.54594
5.87179
3.90363
0.585677
-3.59575
-0.768365
0.758331
-1.04081
-1.15308
4.96744
2.01633
-1.23613
0.926933
3.24988
2.27727
0.0270812
0.285338
0.0812589
-0.357922
1.78853
-0.313949
-0.615373
29.7012
0.89937
1.05869
-31.9412
0.335381
-3.00095
13.4657
-0.727908
0.396163
1.33699
20.9179
-2.95669
-0.879485
-5.05645
-1.41233
2.59335
-1.43944
0.189206
-0.987501
2.15134
-1.87334
-2.33689
-3.11608
1.02006
-0.170249
1.61647
0.0727137
1.49744
0.235185
-1.10975
-0.194199
-1.04809
-0.923239
-2.30756
-17.0416
-0.889281
0.0107806
0.374524
1.44957
0.0986219
-8.62619
0.722067
-2.59595
1.75876
3.89489
0.598917
0.702755
1.71455
-5.10936
3.49522
-0.0882608
-2.78295
-0.809453
-0.271478
1.32548
-5.61577
0.914309
1.44996
5872.39
3.57442
0.329965
-0.362527
-0.893635
-12.1163
1.35496
-1.97297
1.20732
-0.328766
0.333607
-1.37721
2.58347
0.271711
0.182089
-0.495143
0.974269
0.398397
-0.319441
1.46564
-0.573211
0.167745
0.48432
1.50326
-0.269809
-0.294763
3.27008
-0.418275
-0.791615
-19.1597
-0.435374
-0.695963
0.447223
2.60938
-0.680835
-0.375873
0.631203
-0.414671
3.90661
0.044144
1.44028
4.63729
-3.12534
-6.17371
0.932032
0.249041
1.0155
-18.718
1.08631
-0.0881285
2.6448
-4.54036
0.139964
1.00273
-0.142177
-0.538572
1.01562
0.564747
1.01689
-4.99106
-1.2228
-0.336158
-0.543831
-5.57226
-0.0364718
0.366783
1.72025
-0.194859
-1.00111
0.727321
1.20506
4.60031
-2.67675
0.100262
0.159722
-0.261846
-0.218669
-0.346493
-7.09051
0.661737
-2.59461
0.461293
0.345035
-0.961748
1.9818
-12.0895
-0.243788
0.308007
2.01835
-0.0300984
-2.66019
-52.585
-2.83724
0.885501
-0.669797
0.361757
-1.80152
-0.345839
1.83582
4.77758
-0.45792
0.795148
-1.65131
-0.0808135
3.93518
1.48984
0.840782
1.08816
-1.80582
-0.685114
-1.75882
-1.388
-1.2635
-0.0433473
-0.400666
0.45516
2.23417
-0.079539
0.699263
-0.177957
2.18966
2.10543
-0.507887
-3.32922
0.26726
0.192633
1.40254
1.00509
1.83002
-1.03236
-0.606006
0.33002
0.724534
-2.74734
0.798003
-0.41841
0.0552128
1.66826
-1.19921
-0.031764
-0.799415
-1.16985
-0.0778701
-0.654573
1.12501
2.36542
-0.610174
-0.0310527
-1.39181
9.1311
-1.72801
0.117862
4.53722
-0.782969
4.62808
-1.24448
-1.42586
-0.772499
-0.110271
-1.45518
1.33265
-0.997294
-0.864148
0.0888897
-1.67896
-0.679665
-1.80993
-0.232934
-3.38497
-68.6738
-1.8332
0.839922
-0.0835938
2.34579
-1.02556
0.148602
-4.13051
0.463507
0.403418
5.75719
0.544512
0.725154
-3.64977
1.76855
-1.87207
-0.906442
-0.0950348
1.82526
16.2569
1.88996
0.749984
0.750747
-0.585807
-1.49952
-1.67803
3.11171
0.499466
2.94401
2.12413
-1.74984
-1.5688
-1.47629
1.07687
1.28847
-1.47167
-1.86088
-0.00959249
-0.850448
0.441238
-0.77406
4.53614
0.0766901
-0.859541
-0.0401446
4.48705
3.94594
1.4237
11.1384
0.275228
-1.68011
4.36059
4.60925
-0.350542
-2.80003
0.244439
1.15114
-0.0494271
-0.873919
0.470316
0.0996974
-0.418487
-0.82617
-0.304234
-0.962491
-0.213902
0.0473617
-0.474653
-0.0866969
0.540687
1.20792
1.39405
-3.92055
5.57774
-0.826342
5.25402
5.86166
-0.422202
-1.98499
-4.3201
1.61979
-1.39042
1.14069
-0.554495
1.2446
-1.77635
1.30691
0.344671
-28.2569
-0.164796
0.063927
0.100512
1.19044
-1.58576
-0.720169
1.68889
-0.239694
-3.31892
0.152019
0.789974
1.11918
-1.96767
0.955625
1.56653
-0.530434
17.1112
-1.28803
1.92204
-1.49551
-2.17485
0.533788
-3.31924
0.229651
-6.68905
-0.62044
-0.69629
-26.7681
-2.03715
-1.35676
-0.74861
-3.84761
-0.603518
-4.10999
-1.03691
-4.19746
-0.77941
1.31841
4.09195
-0.0263668
-0.575157
-1.64278
-0.443963
-0.318729
2.85102
-0.512759
-0.437631
2.60256
0.127477
-8.81576
1.269
-1.19877
-1.39148
-0.00624047
0.749168
-0.129492
0.624339
-1.10217
-2.50448
166.374
3.15838
0.148293
-0.354063
3.41303
0.581914
3.8524
1.27716
2.38674
0.913008
-5.84507
3.1531
51.1005
73.1207
0.620333
1.6346
0.518036
-2.91908
-1.39027
1.65467
-0.664044
1.18078
-0.303373
-36.6551
2.22054
-0.547925
1.48233
-1.13066
-0.423655
14.9137
0.0796746
4.23446
0.144194
0.637529
1.88023
2.15693
0.803093
-4.1028
1.73867
0.315962
4.41833
-0.998939
-0.443025
-0.462033
-5.17883
0.703052
-2.69487
-0.543077
0.963824
-0.833935
-0.577343
0.111767
0.76134
0.00631517
30.2974
1.86707
10.2686
0.448976
-5.82719
-0.583249
-1.29265
-0.992243
-1.31621
-0.0759885
0.697098
-2.54542
1.40398
-1.2878
0.216455
-0.591402
-0.957685
-0.329729
4.56126
-2.20351
-0.331703
-0.429785
0.36166
0.344535
1.17123
-1.68033
-0.574986
-0.741503
-6.31967
-0.0814452
-3.25046
0.0169379
2.8833
-0.117297
-0.375357
-8.29058
0.483606
0.428256
-161.227
0.0682173
6.20749
9.85523
0.934592
0.92885
-2.21226
-0.539912
0.381565
-0.268753
-0.529948
2.26391
-2.12342
2.53111
-1.89148
-13.3799
-5.82224
1.21223
2.68642
0.459116
-0.331086
0.626614
0.273607
-0.946123
3.49042
4.89805
0.222882
-0.503934
1.45828
7.40886
-3.33226
0.0153998
2.10741
-1.85557
0.16118
-0.285335
0.154494
-19.953
-2.41042
-0.168114
1.28467
0.0258524
1.9993
4.31587
1.28111
0.0679381
-10.9829
0.988971
-0.450325
3.33736
1.05014
28.1876
0.29154
3.27275
-0.6189
-0.453379
0.8145
-0.311744
1.64254
-2.16579
-0.0971536
-0.838958
-2.36787
-1.21289
-0.197705
-4.20828
0.631977
-0.512897
-48.2053
-1.77935
-0.560238
-21.8453
-0.676207
0.320273
-3.92721
0.733621
-1.11098
-1.47261
2.67041
-0.401682
-2.60186
1.71146
-2.48597
-0.617741
0.432898
-0.570311
-2.41606
15.6318
3.40872
0.943558
0.174472
-2.09578
1.64615
-1.33382
1.01725
-0.676509
-0.135407
-6.18234
-0.97172
-0.302681
-1.79361
27.8884
1.43515
7.76913
-0.407983
-5.56749
2.19362
-0.29489
-2.57057
-0.854605
-0.600305
-1.41799
0.0367843
0.652544
0.0930075
2.49679
2.04972
8.61008
5.53251
-1.08937
-1.84447
-0.434006
-3.33322
-1.16343
1.48027
-0.0660887
0.587722
1.78905
-3.40708
2.44292
-0.102995
1.2822
-0.345659
-21.4642
0.397252
0.135658
2.13562
-1.85679
-2.01705
22.9468
-76.348
2.38892
-3.66265
-0.517481
0.144508
-1.38643
0.477336
-0.709225
1.0163
1.08747
-0.881028
-0.181484
1.02272
2.34622
0.11303
-1.54619
-0.0418017
-6.77947
-0.831725
-1.74448
2.5601
1.21877
-0.4676
-4.76862
2.28363
0.380852
1.38496
-1.22947
-0.314297
-0.468584
13.9009
-0.951707
-2.02335
-0.703151
-0.0938406
-1.02701
20.4994
-0.150933
1.69473
-0.944035
0.609187
1.4161
-11.0264
-1.49309
-3.4209
953.107
0.296403
7.08878
-0.452477
4.14373
3.36685
-14.5425
-0.620664
-0.52494
-0.723998
2.2665
0.217396
-0.143502
1.04372
1.1975
-0.85302
-1.95005
0.455362
-1.41742
-1.42865
0.48583
1.27514
-0.87648
0.74664
-0.307523
-3.59021
0.449074
-1.56188
-21.8594
1.71228
0.659511
10.1739
-4.80225
30.3775
0.318704
-0.489202
-0.0660044
-1.71855
-0.134484
-3.83285
44.8325
-0.641908
-2.49034
1.51657
-1.0632
3.4177
-3.54341
-12.7001
0.376878
0.344306
1.33063
0.119124
0.169294
7.48451
0.0105746
0.881074
-2.17197
0.454767
-2.39257
-3.74997
0.175003
-1.24856
-0.54164
2.35489
-0.74126
-1.03567
-0.453534
0.0856901
-2.05778
-4.88712
0.633489
0.497481
1.94754
-0.66235
-0.479849
4.58151
-4.97098
-1.99174
-2.54651
-3.0666
-1.40059
0.0248699
-1.42192
1.31756
-8.48361
-1.84893
1.74961
88.1742
-8.85462
-0.0588658
-1.55401
0.473877
-0.49035
-0.74855
0.54209
0.120842
6.12834
2.85314
1.22571
-0.695872
-3.33443
-0.227319
-0.262684
-0.17053
-0.691947
-0.221564
-0.266961
-0.200835
1.51556
-0.37679
-2.37982
-1.13584
0.858429
0.84079
2.82301
0.834684
0.266258
-0.414608
-0.229597
-29.3393
-0.216302
3.11619
0.650188
1.40223
-3.37373
-0.238521
2.34996
-0.870446
-0.528005
34.5311
-0.648983
-1.56349
0.0137347
1.11607
2.21787
0.0368592
-0.79088
0.621191
1.37307
-1.64217
0.843495
0.809135
-68.1928
-0.1152
-6.47846
-1.17315
-2.85
0.00831271
-0.133057
-0.0397508
0.565885
0.00700307
0.52476
-0.557581
-0.638318
2.52685
-0.0613446
2.08735
-0.632706
-0.214743
2.21541
-1.10648
-1.46932
-0.146584
2.32364
0.909368
0.707788
-0.852558
-0.53807
2.20846
-0.148658
0.30362
0.879865
3.21062
1.22143
0.828734
1.44167
-0.644289
2.00679
-2.98409
-16.4827
0.0855956
-0.0902591
-0.183639
0.120188
-0.154567
-1.25189
1.45297
-0.522293
2.96848
0.337793
-3.49844
-0.476572
1.08529
0.638523
-27.6673
1.11133
0.263843
0.721237
-0.533591
-0.0806941
-0.450089
-1.24442
-5.48176
0.0343059
-0.67289
0.518982
-3.02517
-0.81942
-2.69365
-1.54607
-0.87804
0.626198
-1.59312
0.778561
0.809217
-1.39061
-0.468762
-1.31947
-2.61455
30.3208
-1.12475
-1.58591
0.462816
-0.0732563
1.25861
0.713234
0.758362
0.965347
-2.64757
-15.5887
-0.579379
-0.377414
-1.49734
-0.0762434
-0.38526
-8.79737
1.81845
8.44195
-5.25706
-2.3949
-0.0401134
-0.558929
-0.392329
0.396107
-1.24968
-4.20865
-0.977444
0.805069
-0.802418
-1.58101
-0.616067
1.02103
0.467803
-0.0562415
-4.68931
