-2.7803
0.354785
-0.378273
-0.223317
-1.10439
-1.05268
-1.2838
50.3487
-1.49744
-0.0552318
-0.524796
0.630867
12.4237
-0.389947
0.823172
-0.35069
2.95193
-7.23517
-6.94533
0.307714
10.7037
-1.19927
-0.870714
3.0128
1.77894
0.219737
-2.83206
-2.81772
0.312897
0.695585
1.46283
-0.375269
10.1336
-4.21127
0.476475
0.0824399
-4.64106
3.06202
1.7105
0.812082
-2.54916
-1.06798
2.8797
-0.797509
-0.604512
20.9218
1.40535
0.286707
0.0311532
-3.8869
36.2898
-58.1205
3.54157
2.35444
1.13834
-16.3725
2.12816
1.72952
4.9292
-0.662675
-1.25062
-7.05088
0.0921791
-7.13804
-0.772792
0.70333
0.392474
-0.454547
-0.0792288
0.112103
1.17305
0.102037
0.14328
-0.331855
-0.985157
-0.425595
-5.14777
-0.15577
8.09792
-15.5315
-0.384603
0.976969
1.40796
-13.9832
42.8588
0.842622
1.94934
-0.177474
0.188228
-0.124556
3.51819
0.0451659
-16.6604
0.00889354
-0.412768
1.04148
7.96111
-1.23396
-0.8026
-16.4729
2.82539
5.05707
0.115285
-0.926091
-0.66725
0.00640562
0.898865
-0.85358
88.6559
4.65142
23.3557
4.6925
-1.95133
-4.03956
-1.03584
0.388479
0.80714
-0.668106
0.485649
-2.62875
0.757365
-0.296394
0.602645
0.985344
-6.52807
-0.537455
-0.298541
-31.858
-4.89296
-0.491274
-0.583911
1.84315
-0.760625
2.36179
-1.32919
0.250632
-0.107746
0.11001
-2.37011
0.892252
0.216735
-0.720559
-0.332083
-4.59839
-1.81978
0.0720209
-2.2535
2.4918
0.983568
3.07322
0.0965204
-0.916684
-1.07917
0.197534
0.432636
0.202731
0.8744
-0.0383517
-0.365283
-1.33787
0.632558
0.899412
-0.571157
-0.912312
-0.415428
0.91093
-0.887657
-0.758128
0.375207
1.44254
0.0606081
0.234363
2.78624
0.613113
3.31749
-1.89213
-0.721303
-0.0366942
-1.00865
-0.53068
0.375583
-2.74134
2.41333
-0.815201
-0.0719163
0.574543
1.1435
8.25473
0.0934291
-0.647333
1.07073
-0.0289367
0.507801
-1.99773
2.79913
2.99589
1.94887
-18.0231
4.87048
-0.309719
44.2392
-1.31666
-2.4249
0.643623
0.924228
1.06842
0.798384
-0.184033
1.34605
-1.23155
0.713087
-0.227307
-1.63855
0.328871
-0.715813
5.41509
-0.623924
-0.107766
45.5696
-7.15072
12.0432
0.307888
1.62152
0.446903
-0.600482
0.158134
0.971013
1.09176
-1.25575
-3.64243
-1.4184
0.452464
0.905548
0.0621562
-16.3848
0.324767
0.317875
-0.0128733
10.6655
3.03077
-0.244334
-0.262079
2.46597
1.12837
-0.305216
0.428432
0.550844
0.0941428
-0.442876
0.529223
-8.56369
-0.512491
0.146628
4.29954
-1.16184
-1.02068
3.33484
-2.18563
-1.66511
-1.47026
1.79236
-1.17205
0.164688
1.29049
-10.4035
-3.98659
-0.709157
1.01969
-2.06611
0.947452
-0.998846
-2.35732
5.96962
0.105875
1.03421
2.39136
0.213537
-0.736671
-3.34804
-2.53746
6.39886
0.371324
0.419194
2.37613
1.346
0.526382
1.03605
0.22805
-22.7701
0.221914
-0.417426
1.20193
2.19684
5.35148
0.084907
0.891775
5.22714
3.39993
-0.162523
-0.675385
2.92745
-1.3695
-8.02614
-2.12888
-102.535
-1.60578
2.31351
5.36103
12.6701
-1.70067
0.704091
-3.7042
0.0879854
0.452316
-0.778186
-1.24191
3.09777
0.510458
4.09922
9.5507
1.52657
-25.3478
0.623756
2.90485
-4.53609
9.84956
-0.0517516
-3.10593
2.35423
3.99799
0.163569
0.20566
-2.37692
6.73853
0.065061
1.82957
-0.186217
0.0426747
0.328894
0.259128
-0.106086
0.562472
-1.49174
0.671791
1.89007
-0.470188
1.68385
-0.680254
0.0796123
0.950245
0.37188
8.99908
2.07983
2.87334
-1.18539
-1.21586
0.328423
0.00350156
-0.194437
-1.42714
-19.4481
15.5706
0.992632
-0.155187
0.802298
-2.76493
0.258623
-1.63815
0.242782
0.219372
0.633819
0.142699
-1.72437
0.681208
0.492898
1.92592
-0.442696
-0.271799
0.150139
0.0380681
2.96805
-2.8129
0.515929
2.77314
0.711437
1.58623
-3.90639
-0.0287505
2.07979
-0.160418
-3.17631
-1.26069
2.91312
1.08552
0.441212
-12.8687
-0.252629
-1.96255
0.166817
1.27136
0.22206
-0.709139
0.95004
0.811708
0.317155
0.116857
0.306761
-0.177069
0.229836
0.144561
-0.343466
-4.90767
-10.6531
-2.19508
-1.02881
0.739861
-3.32714
5.70089
0.140935
-1.80031
5.82448
-0.0317506
2.07832
1.13196
-3.50948
-0.0171834
6.33373
0.130706
-0.996145
-3.10761
3.2607
-0.654501
0.43532
-0.904565
0.382821
-1.54585
3.6947
0.625639
1.67259
-13.3089
-2.26832
30.3556
-0.779453
1.06794
-1.61284
6.04987
4.30968
-0.926991
0.510765
-0.883523
0.106189
0.204626
-4.67186
0.337615
-0.149453
-3.61266
2.79124
0.185434
0.960226
-0.298785
-0.769546
-4.46984
-0.260729
-0.569835
-1.66921
1.70069
1.36702
1.20586
2.75316
-5.45966
1.14996
-2.78531
-2.37153
1.785
-1.30933
0.67446
0.988393
0.399539
3.46062
1.62614
-6.04426
-0.349688
-0.140568
1.63588
3.12716
-0.0887663
0.12726
-20.4974
-0.116248
-4.9184
3.25142
0.61262
-0.263952
-1.54285
0.61027
-1.05745
-0.0822652
0.802184
-4.90222
-0.202922
0.135237
0.220191
-0.80793
0.138678
1.2145
1.26934
-0.427503
1.86959
-0.239396
-0.669268
-3.22427
7.33543
0.192163
3.05408
1.94932
0.0562186
-1.4616
0.654437
3.28543
0.27248
1.66585
-2.6283
-7.70718
-0.474989
0.220214
2.58977
-1.13739
-0.680268
-0.416425
-4.82712
0.591826
0.662948
-44.6236
-2.01235
0.811002
1.00269
1.32944
-1.01086
-0.237841
-1.78924
2.55194
-0.0574015
-0.564942
-2.82837
3.88564
1.54851
0.144901
-0.245364
-17.3428
-0.641924
6.98671
-5.05062
0.040543
-1.62802
-2.66966
0.639438
-9.66452
-1.04328
0.896892
-6.13023
0.697104
0.316921
-0.761323
-16.5372
-7.18622
7.43758
0.528397
-0.213404
2.80396
-0.45864
-2.25911
-1.1831
35.6955
-6.80384
0.366626
-3.05846
2.3674
-1.34555
-158.175
5.82025
-10.0272
-3.7484
-0.170169
-1.74426
0.450898
1.94009
0.191401
-1.20228
-3.19712
-1.72495
-3.06155
-0.53173
0.328252
-0.220327
-2.05867
-1.08061
0.160742
-0.82218
0.271935
0.117552
1.68666
-3.5312
0.00846098
1.52962
1.00082
1.72088
-0.367836
0.108177
1.79263
-0.818223
0.656527
1.68204
-0.028257
-0.513233
2.70245
-0.368777
0.140122
0.394909
-0.388028
-0.0234574
-0.052538
2.46651
-0.255897
-0.730907
-0.221602
3.25349
-0.620078
-0.388381
-8.31569
0.102286
-15.0393
0.164656
-1.07278
-2.56173
-1.34658
0.0855193
2.57959
-3.62304
-0.955247
-20.857
-0.902789
0.127047
-5.20752
0.329363
-0.926775
-1.43231
8.57286
-0.478126
0.13166
0.995899
2.01338
-0.101519
-4.34261
5.76995
0.138729
0.752644
-1.69986
0.440053
-0.182163
-1.02597
-0.874096
-2.09636
-0.797386
-5.11578
1.76563
-1.79788
11.4286
-0.402627
-0.640881
-2.54358
-0.266358
0.191561
8.35842
8.03171
-0.033465
-0.344793
-0.331679
-2.39878
-3.81353
-17.812
-0.956318
-1.10039
0.440884
1.43448
3.49284
10.7866
-0.388329
-0.863593
5.08016
0.288219
-26.5258
1.52488
-6.57129
-0.850148
3.25701
-0.675697
0.62504
-0.679255
-0.615526
47.8975
19.0082
-1.74123
-0.725975
-0.138064
3.93368
-0.513235
1.78587
-0.679845
-0.654416
5.78079
0.148718
0.227943
0.128884
1.03536
41.9112
-0.296655
1.29277
6.04689
-0.133769
-8.43614
1.56686
-1.06813
-0.998126
2.85993
11.7568
-0.0628924
-0.358439
-7.11326
1.04666
0.313341
0.457502
-0.793058
-0.698809
-1.2262
0.325556
3.41753
-0.601457
-1.67951
0.807523
0.619226
0.726531
-2.346
-0.389223
-0.296501
-9.56684
151.123
0.800986
-0.0104273
-0.0228072
-1.48905
-0.0154732
3.45257
-1.76127
-2.08827
0.410466
-0.329711
-0.33999
0.259057
0.74012
0.393295
-1.04057
-5.13492
0.21115
-10.0573
-0.0128959
2.11899
-0.296291
1.78361
-0.351274
-0.532139
-1.45273
-0.0113926
-8.55874
0.8283
-5.89622
0.816476
1.16503
8.9643
-2.92174
-0.0642262
-1.98143
-0.510175
1.28983
-6.98927
-3.50247
1.52442
-0.173868
0.743263
3.1056
0.44424
-0.648075
1.40985
0.686927
0.763622
0.611422
-2.29964
12.8569
-0.597347
0.449121
0.245709
0.0363428
-0.860408
0.273729
2.40372
-0.185223
0.442649
1.63664
-2.66283
0.932355
-0.420368
-0.667875
-0.58503
-2.16454
6.20621
0.241206
-9.02929
-0.299643
-5.36689
0.450359
2.25205
1.20032
-7.36887
0.403598
3.00874
-0.915041
3.32192
0.51887
-5.42459
3.21917
-0.462408
-1.96604
0.595075
0.214457
1.0237
3.83241
-0.286844
-0.695613
-0.861364
-0.0493017
-1.35329
-0.17155
-0.121984
-26.8064
-0.847143
-0.331305
2.10775
-0.491224
-0.0689974
-1.15585
-0.307918
227.903
-0.0155427
4.04313
2.34943
1.33387
-11.2496
0.205618
2.81047
0.696153
1.2223
-0.554983
-112.03
-1.70881
-1.0783
0.462411
1.57045
1.74927
-0.973453
-0.105714
2.97038
1.20231
-0.781645
-5.64387
3.11327
-1.44994
0.417693
0.281037
-1.59179
-0.268329
-0.501156
-1.39369
0.550185
-1.80174
0.0990925
1.55849
3.76429
-0.662215
-0.157837
41.3734
3.08469
-0.761821
1.26977
0.795339
0.0105385
-1.01939
-3.51086
-0.607845
-1.86018
-4.57181
-10.3725
1.05969
0.917764
-11.2231
-0.579462
8.75243
-0.665652
0.394225
9.21713
3.51468
-18.6756
0.23248
0.710959
0.395745
3.20957
0.406342
-1.29886
-0.436411
-1.89912
9.44003
-17.9742
-0.164239
-0.999674
8.88856
1.67747
0.144801
0.322375
-0.0179178
5.8151
0.872193
-0.288979
0.708574
1.38719
-0.23498
-3.26049
-13.7982
-0.506283
-2.08213
1.37491
-0.186192
-1.64153
1.51641
-0.143517
-0.344561
0.844918
-4.16089
-0.0612852
1.32026
-0.617669
0.172957
0.131387
-0.973423
-35.7614
2.38706
-1.84318
0.404046
-3.14654
-0.112659
0.754377
0.319564
0.367211
-0.481513
-0.962706
-0.174459
-0.304532
3.88888
2.94676
1.42587
0.219788
-0.527698
2.8463
0.828446
0.0992791
2.19093
1.69321
-0.797277
1.52734
-1.39194
-0.462764
0.169698
-12.6276
48.2822
-0.281314
0.557298
0.260476
0.866404
2.28344
-0.561059
2.05746
-0.863849
-4.3782
187.088
-3.17415
-11.0096
2.85954
-0.938254
-1.10013
0.271526
0.0972214
-1.20387
-0.44587
-1.86263
0.799647
0.429497
0.449468
3.87473
-2.24858
-0.229791
-0.829433
1.11967
-1.27491
-0.94179
-0.269403
0.562139
2.6163
1.57092
-0.470717
0.0831704
2.64589
-0.318481
0.417337
0.658077
-1.50426
-0.210418
-3.27498
1.16811
-4.23685
0.16378
-7.68937
1.44449
14.1737
5.17804
-1.5121
0.0339877
-2.15785
0.0280441
-2.17806
-0.196208
-2.11285
-1.17203
13.8348
0.520636
-1.11409
0.93354
0.449194
-1.47207
-0.864153
-3.61203
0.505933
-0.101861
0.136126
-0.616564
0.132274
0.548103
2.20111
-0.432436
-1.3039
-2.16373
1.48532
-2.07956
-0.128093
-1.82791
0.183242
1.37133
1.52973
-5.98545
0.802089
-0.50515
-399.878
6.46151
1.1822
0.664424
-2.23327
-0.340164
-0.845347
0.910165
1.43911
5.44717
0.326173
-0.0524955
-29.2384
0.0341683
-1.08483
-10.4281
1.07288
-0.172959
-1.7884
-0.602637
1.3567
2.98568
9.64418
-9.64906
-0.103322
0.389265
-1.05338
0.621975
-1.37652
3.6481
1.14106
1.20889
-0.788814
1.09288
1.24943
0.589509
-0.00434155
-0.474672
1.361
-3.09298
-0.619618
0.308298
5.06255
-0.73484
-6.84866
-4.27066
0.703345
-0.585939
34.9629
-0.245293
0.921435
1.0334
-0.15089
-4.521
0.416267
-0.699956
-0.0064967
0.610042
0.666771
-1.11369
1.3442
0.173573
-2.86732
1.39209
0.298517
2.30336
-31.748
0.656546
-0.296171
0.0739944
-3.46087
-0.772331
0.811853
-0.0980884
3.31312
0.279911
54.0651
1.91831
-4.17339
88.7048
0.405857
0.77164
-23.4408
-0.834447
1.19484
0.82276
-2.54812
4.06391
0.0609242
-0.431984
1.975
0.323303
-0.130119
48.3954
3.86941
3.14191
-0.34868
-0.117302
-3.07232
1.12958
-0.325767
-0.0782916
-1.32605
0.504448
-27.9395
5.8874
-0.809057
0.039418
0.310312
-2.93029
0.694621
2.85953
-0.584618
-0.687278
1.552
-0.369768
-0.133162
0.598177
-0.275023
0.721412
-0.449109
1.06146
2.54403
0.369862
0.486195
1.92275
1.02469
-0.553642
-0.178104
2.86919
-0.822567
8.41357
-0.485943
0.565042
-1.06022
2.59814
-0.323189
-0.793862
0.664944
0.148435
0.301572
-1.65647
-1.12791
-0.254784
1.92948
12.8005
5.63368
1.15881
-0.330664
-0.871699
-0.420814
1.90227
-0.278022
0.269454
-0.103146
1.78516
-8.72516
-0.63804
-0.278872
-94.8501
0.738103
-0.983088
4.39638
-1.28643
-1.91541
0.0967373
-0.909748
-0.311998
-0.736995
-0.921574
-1.43216
0.519187
-0.182336
0.623969
-0.00939321
-0.380183
-15.8758
3.39637
0.433892
0.449351
-0.512566
0.535577
-1.77113
7.1908
0.334994
1.99521
-1.53379
0.235087
1.98262
-0.0907793
1.99592
18.4923
0.941112
0.574575
1.1067
-0.337741
-0.833377
0.340368
-0.022128
-0.81997
-0.169854
0.99639
0.394929
0.845489
-4.33458
-0.802712
0.031379
1.13792
-0.021952
-0.788299
0.326232
-0.0816688
527.001
-0.425321
1.8184
-8.65895
-0.525496
-1.17014
-5.52005
4.1679
-3.28815
-0.830242
7.39733
-1.18089
12.7631
-0.156568
0.758774
-0.338738
-0.205897
1.30993
3.62568
-0.416851
4.45236
6.07464
-0.458208
-0.14798
-0.139573
-4.98215
-1.70677
-0.289856
-1.4019
-1.04097
0.681149
0.0941163
1.78418
-2.98167
-1.41272
-3.0142
-3.1932
1.39491
2.18835
-0.116659
0.247364
0.787262
278.067
0.43509
0.749825
-6.25941
-0.00382643
0.781047
0.569882
4.88976
-0.0736201
-0.887602
-0.340262
-1.78708
-2.0447
0.127549
3.59425
1.0723
-1.36758
0.605797
-0.261607
0.739952
-1.24334
0.598257
-242.805
3.14894
0.326234
0.136356
8.18104
1.07725
-2.09365
1.39568
1.12619
0.352437
-0.778412
3.29277
-1.87797
-7.80968
0.383192
-54.2116
1.70782
-0.910663
-3.1142
-0.484645
-0.73333
-2.20142
0.353205
0.532728
-2.83129
-5.3082
-191.463
0.950181
-0.341105
-1.65696
-1.0514
-3.86328
-0.541403
0.29372
-4.40411
25.2488
-0.256299
0.121599
-0.164659
-8.74837
-0.888704
3.48931
2.57663
5.94153
-0.454207
-2.84984
-1.30183
-5.87442
-7.37977
1.63606
0.489126
3.8694
1.37552
-13.4347
-1.26331
1.18397
4.70463
-6.53345
2.08265
-1.50397
-0.360599
0.916814
0.663414
0.617197
-1.10039
0.115167
0.030019
-3.47065
-1.38955
-0.168901
-0.342883
0.46763
-2.08097
-0.0726437
-0.659725
-0.236156
0.152354
0.233336
2.55667
-1.96034
-0.52425
0.494887
2.53616
-0.547559
1.00291
0.497741
-0.838611
0.569506
-1.68542
-10.7429
-0.0787063
4.31817
0.287031
-4.41628
-0.864053
-0.50812
1.41543
5.55372
-3.39809
1.0594
-0.175478
-46.3416
1.07626
-0.21201
-0.722447
-0.433975
1.04114
1.16093
-0.776606
-2.89409
1.11654
-0.984418
24.1682
-2.31167
-1.16584
6.29625
2.80167
0.384436
-4.05878
0.0664322
-0.00496508
1.2073
-74.7554
0.0963671
24.8289
1.53308
0.646087
-4.15558
0.66893
1.35197
3.09506
-0.962702
0.926675
2.96232
0.0217921
-1.00419
1.27416
-0.0977393
-0.259558
0.413977
-0.00630627
-1.2756
1.0895
-6.72659
-0.793178
-27.3982
-4.42673
-0.691403
-0.277024
-1.54367
-4.46781
1.13943
-2.08632
8.20363
-0.249828
-1.21786
1.06296
-0.72282
-0.635735
-3.67801
-1.69758
-4.76593
-0.705685
-4.67401
0.167052
-0.630899
-0.48862
-5.45342
0.624214
0.948883
-0.943433
0.223826
-1.28731
-0.320789
-2.90246
-0.929028
-1.14084
4.71882
-1.79994
0.0464457
0.616397
-0.0862654
0.532599
0.31648
-0.581341
-1.04957
0.478282
1.14279
-0.354341
6.5612
-5.26351
-4.42277
-1.46125
-1.23977
-0.138883
1.56785
-1.03314
-0.344824
0.875753
17.2902
-0.824337
-0.420921
-0.391958
0.249655
0.849843
2.44227
-13.2475
-8.37907
0.0312497
0.911589
-0.147442
0.329533
0.0362976
-0.627043
-1.98074
1.12925
-3.39632
-36.9879
23.703
6.85437
-58.4732
9.71798
6.27078
-0.0754771
-1.98631
0.450826
0.875977
0.586231
2.04694
-0.465987
-9.80087
-3.07863
-1.14782
0.132686
-1.25583
-0.260784
1.2682
-0.630014
0.0583782
0.961836
2.40511
-1.37818
-57.8346
-1.08804
-1.10122
-0.722737
8.06418
2.86902
0.541939
-1.69183
5.46591
0.755006
-2.62125
1.72729
0.809716
0.0490883
-3.28282
-3.402
0.103437
-0.422506
2.8987
-0.431355
-0.745881
2.47467
6.56399
-9.23197
-2.65334
-0.00106544
-1.39657
-0.913011
-0.191962
-1.82342
0.513904
-0.261575
10.5487
1.89398
-2.67135
0.0718812
-1.17341
-0.514116
1.92786
0.405173
-15.339
-1.35888
-5.4543
0.430649
0.346957
1.50937
-1.67922
-2.78685
3.03169
3.96455
0.797516
0.12827
-0.747919
0.946258
1.32195
-0.540416
2.73781
-1.8671
2.3422
-9.30944
0.0881748
0.879094
0.795984
2.03529
-0.588165
-2.41292
-0.308731
-2.57077
-7.63678
-0.323238
-1.25311
-10.054
-1.52023
2.74085
0.125248
-1.80268
0.0239489
1.50017
0.462457
-0.554484
0.141456
0.404171
4.37751
2.92877
2.4175
0.783623
3.28099
1.12242
-0.601121
0.165911
-5.61066
-2.44049
2.67941
-21.7588
-2.3839
0.770195
-0.211903
0.454394
5.63145
-1.74805
0.37088
3.18001
0.215694
-2.35601
0.679651
-0.217682
-9.56652
0.642388
-0.0042008
-0.385868
-0.303361
6.01869
2.06489
8.59259
-5.56897
-0.752531
2.9105
-0.162992
-0.358763
24.1749
-1.175
1.68365
-0.0164803
1.14964
-0.755388
-23.11
0.16026
4.29183
-2.37703
-0.791129
-1.11676
9.52035
-2.42677
0.628005
2.75033
1.02044
-6.23548
0.39053
-0.267325
-0.771076
1.63678
-3.88263
-0.10333
-2.10289
-0.630259
-0.746447
0.434181
-0.144418
-3.92384
-1.36385
0.66808
-0.892774
0.215473
-1.06109
-3.26541
-1.52004
-0.424362
1.73139
89.7356
3.33296
-0.160044
-0.11171
-3.80167
-1.47093
0.438724
0.407746
-0.796661
0.512394
0.357044
1.07141
1.98656
4.62483
0.438212
4.56392
0.799041
2.22695
2.18396
1.3961
2.54705
-1.25987
6.29652
-1.43521
1.33662
0.367815
2.80458
-0.0267233
-2.47312
-0.108135
-0.54468
-0.792554
-0.377659
1.12188
-0.850847
0.396323
0.505364
-1.28143
0.179286
-0.356647
0.542745
3.45016
3.92969
0.243652
0.398089
1.24041
3.44633
0.97807
82.2653
1.77731
-0.0584839
-2.71463
0.193482
-1.28444
-7.83537
-0.22714
-1.22221
1.24442
-2.98871
-4.30292
-0.974978
0.352823
25.9358
-1.22661
0.189251
-1.29024
-1.56384
-1.628
2.63485
0.492673
-1.71619
0.509175
-0.243627
1.41433
0.778402
0.770648
-0.578638
0.411672
-1.36466
-2.56241
0.451817
-0.191418
1.47055
-0.618322
0.073696
0.535065
3.10707
-7.24268
0.552511
-0.0898032
2.6522
0.693449
2.2541
-1.61564
6.16884
0.390765
14.3279
1.53641
2.31759
-0.714479
0.877552
1.00847
-4.0548
0.0147845
1.05493
0.786169
-2.49507
-0.64538
-0.464855
-0.770438
0.433278
0.543415
1.64934
0.335292
2.64782
10.7742
-0.00406701
1.81718
-0.788266
0.338547
-1.6089
-0.999208
0.137036
-1.83184
0.619425
-5.63659
3.52198
-0.32619
-0.536813
4.6367
1.26587
0.606862
-0.500797
1.30582
0.665324
2.43645
-0.0223098
-0.722677
-0.43337
0.759104
-1.47267
5.31905
2.00382
0.507757
-0.63644
-0.751818
0.809263
1.28949
0.774279
-5.07051
-3.88321
1.43607
0.0137164
-1.06915
-1.301
0.497875
-0.235292
0.91103
-0.782419
-1.72214
1.16746
2.61216
-2.12438
1.27137
0.491646
5.6234
2.82771
-27.5687
15.0009
-2.01002
-0.560845
-0.651545
20.012
-1.78609
-0.466664
-0.985616
1.05159
1.21126
0.0837589
-0.699648
-1.15951
1.86104
0.668764
-12.5324
-0.783628
-0.83266
-1.19177
-0.395667
0.0476067
-6.18689
1.38517
4.9727
0.614518
-0.265144
-1.98154
-0.101435
-0.900677
-2.05028
-3.1392
-1.08861
1.36228
-0.216738
-6.4122
-1.50024
-0.115108
-0.51856
8.66176
0.43126
0.683384
1.1366
0.248869
0.151272
-1.28566
0.755243
1.08961
-1.87366
2.54011
-1.28737
1.65458
-6.04876
1.13389
-0.793314
-0.591782
0.65559
-13.8737
-1.25393
0.0151494
-1.22229
0.218805
3.42255
-2.63346
1.01508
0.290928
0.448691
-0.0417157
-0.0743885
0.42776
0.129179
0.0753911
-1.71248
1.04862
3.54064
0.781831
0.257213
-0.517273
-0.684732
-0.5146
0.415222
2.2019
1.194
-12.7135
7.16973
-2.13947
0.741503
-8.59571
0.719711
-0.110345
0.765048
-0.0569053
-0.0623959
-0.328849
1.75024
0.158778
3.86963
-0.705122
0.664685
0.45943
7.45411
-1.43828
1.88552
0.0825306
0.311704
-0.453201
-0.694765
-1.07806
2.56599
0.187335
-0.33731
0.376626
0.153537
-0.74009
-1.44023
1.65858
-65.9347
6.26655
-1.07173
1.38476
-1.91837
0.668365
-1.65997
-0.177865
-0.98984
-0.0237579
2.11411
0.544424
0.416758
2.91774
0.479789
-2.01775
-0.999713
-0.271311
-0.896352
-5.45719
1.58895
-1.74292
0.947583
2.32101
-0.390046
-1.61327
2.1196
1.41119
-1.76611
0.454891
1.59051
2.17355
1.45045
-0.0742224
0.768434
-3.46346
0.567436
0.546476
0.806661
0.610708
0.357794
-3.21782
0.441175
-0.155876
1.77983
0.491401
-1.34971
-0.192335
-1.38953
-40.9653
8.15849
0.162508
-0.260518
-0.841954
-0.791446
0.4598
-4.32925
-0.49828
0.503669
0.121425
-0.921624
-0.68947
1.8441
4.18853
-0.204437
-2.97109
-0.695148
2.60221
2.57835
0.491528
-0.789581
-0.78308
3.60878
0.728352
-5.04396
0.816934
-1.51727
-48.5815
-0.360041
1.08948
-2.76575
-0.132586
0.976693
1.6312
-1.89367
-0.807004
-1.47343
0.530593
-1.93452
0.0337465
8.95505
0.00332146
3.8368
0.101016
2.79596
-6.99909
0.387139
1.16165
44.5885
-1.61619
-5.41849
51.3801
-3.12529
-21.2446
0.884063
0.479033
20.754
-1.45965
-2.53656
3.44048
0.265837
-0.226909
-0.58375
-4.48526
0.192178
-0.782861
3.79403
0.591183
0.364634
-2.7938
-0.603711
-0.982071
3.78378
-0.363983
-0.124822
0.931644
0.445488
-0.853285
-0.0667263
-0.984602
-1.31175
-0.836961
-1.58216
-1.28705
-2.47719
-1.41803
0.312202
-5.63682
-0.837209
-1.5534
0.461859
-0.380616
-0.989456
-0.914903
1.02123
1.06592
-0.543806
1.80161
-0.0401186
-0.59732
1.53392
4.84046
-2.81224
-1.66607
-2.17607
0.0393449
-3.85438
-7.43051
0.777895
-0.0656635
-0.15016
0.58443
1.48281
-0.416006
-0.370881
-14.3462
3.1869
-2.15585
0.180233
-0.15041
-1.37295
-0.205948
2.64961
2.05679
-0.719726
-5.06357
-0.465015
0.266091
-0.38967
-4.77715
0.555224
2.36492
0.184602
0.109316
11.6563
0.42059
-1.84278
-1.83532
-0.866841
0.816624
-15.2004
0.0580086
0.00936185
1.6175
0.9771
1.04319
0.0979661
12.2442
-0.182897
0.919772
0.163028
-0.271287
-0.95808
-0.134896
1.08716
-1.79919
-0.508653
-1.0965
0.919261
3.67058
0.592004
-0.527136
-0.145653
2.26307
13.0721
-2.58239
-0.751312
0.500842
0.610783
-7.18457
-1.93228
-2.17884
-2.01528
-3.01388
-0.327605
0.395403
0.282151
-0.596406
-0.0969885
0.840364
-0.159529
-3.32134
0.320076
-0.105019
15.9915
-6.13182
0.442887
1.3711
-1.1416
2.33366
-0.318664
1.70016
1.17915
1.76276
-22.2343
-1.9975
-0.19015
-0.996824
-6.52515
-1.13162
-0.510964
2.19419
-7.71036
-0.745805
0.828761
-1.10617
1.3573
-2.08003
-0.417936
3.06151
0.873327
1.46556
5.30991
-0.846388
2.79901
-0.188699
-0.634462
-1.32561
0.930306
0.228013
0.312351
0.212846
0.576988
-1.02343
-0.170334
-0.0508286
-3.27963
0.12333
-0.524363
1.12487
-0.900548
4.3765
0.0335318
-0.389883
-1.22726
-1.497
-0.613505
-1.15868
5.00871
-18.4951
11.6963
-0.879101
-1.67085
-13.9446
1.85401
-4.03992
0.719108
7.73519
-1.26639
1.79115
-0.940621
-0.700152
2.17109
-0.774626
-4.212
6.85125
0.0423178
-0.962919
0.436383
-0.713809
0.00322686
0.154093
0.412405
3.64244
47.2323
0.338326
0.720037
1.67757
0.403396
0.0724415
-0.539994
-0.94398
0.0816784
-3.98197
1.09068
2.07295
-0.31459
-14.5705
-1.23291
0.340217
0.284642
1.49726
26.2202
-0.608424
-0.266751
-0.346874
-0.407443
0.265523
-0.93487
0.679846
1.53995
0.951531
3.06575
1.81714
0.416285
1.50878
2.39514
1.54927
-1.10855
0.106782
-0.0776102
0.202748
-0.0507991
-5.56712
-1.77228
-0.238702
0.984322
-0.172474
-3.22906
4.46509
-0.482308
0.0269271
0.27354
0.207443
14.9896
-0.23663
2.84395
1.58752
-53.3307
-0.00205045
0.997527
-0.299808
-0.204696
0.264133
-0.766478
0.388556
-2.58907
0.0294964
-0.590504
0.0861262
0.556219
4.64342
0.680232
-0.302245
-0.936149
3.86252
2.2043
2.30365
1.03474
0.420436
-0.0260188
-0.0557868
-4.02726
66.6282
1.60596
-3.69822
-1.03713
2.87309
0.25535
-3.48676
-37.03
-0.514422
2.03239
1.35911
0.0680205
-5.38156
1.85356
-0.658277
4.27464
-0.341015
3.16873
-0.299443
0.815448
0.539107
151.004
-0.656408
157.06
-0.6377
49.2407
1.08125
-20.9558
-2.87601
-2.9249
0.915374
11.3136
-1.58088
5.95885
-0.844469
1.20417
0.615468
2.74051
2.23461
-7.55191
0.0534947
-0.261993
4.02925
-0.29779
-0.312013
0.059812
2.36773
-2.94795
-0.989921
-28.0694
1.96585
-0.0165595
0.730381
-2.98607
0.639022
0.451401
0.396604
-2.73709
0.619836
1.54698
1.42915
-0.0882666
0.119242
6.94383
0.078771
-0.194967
175.255
0.485362
-3.03766
-0.495314
-0.517246
-1.28665
-2.47111
0.359334
0.669674
-0.0828488
-2.20793
2.76788
-0.620009
0.261762
4.23936
1.04214
-0.0624145
-1.23062
-0.936169
-0.752236
0.944163
5.14133
-2.33052
-1.56454
-0.33416
0.832315
-0.592404
-0.178367
0.917096
3.03692
-9.35665
-3.51882
-0.271627
-1.20575
-6.7185
0.300019
1.04748
1.83148
0.0184217
0.282383
0.407474
-3.97282
1.64414
-0.882064
-1.56932
7.74552
-4.29274
6.09666
-0.304045
0.144038
-0.18292
0.127008
1.76212
-1.10242
1.22727
0.657654
0.966141
-2.25551
54.3138
0.677741
-1.66678
0.674664
1.87328
23.685
-1.74188
2.78456
-17.8956
-1.9637
-0.157615
0.399565
0.843387
-0.766239
-11.7595
-0.133065
360.884
-0.774129
1.30816
2.73215
2.06962
-0.728618
0.687809
3.65278
-1.43368
2.36988
-0.49844
0.66841
-1.09852
-0.59363
-0.587092
-0.37276
-0.223396
0.0958024
2.68894
-0.868266
0.16075
-0.417846
-0.265949
0.301917
2.95562
0.595505
0.408389
1.0872
-8.16159
0.803878
0.136384
0.651579
-0.0614945
5.42803
2.35489
-1.53018
-0.365954
3.52312
-0.46929
1.01822
-1.0351
-399.73
3.67304
-1.03569
1.9391
-4.86335
0.235814
-0.516813
6.88891
-1.00041
-0.537198
-2.13414
-29.467
6.17162
-2.81739
0.654373
3.1794
-0.229314
-0.958481
-0.15499
-4.92997
-0.732499
-0.188802
-1.33019
-0.386231
-5.15927
1.73025
-0.775783
0.248505
2.77349
-2.06149
-1.20737
1.9704
0.599722
1.81883
0.884958
-0.663957
0.307142
-1.60288
-0.806283
0.372276
-4.94352
0.697973
-0.999832
1.54852
2.33625
0.397029
-0.686013
0.119114
1.17558
1.58651
32.032
-0.0322662
-0.516053
-0.413793
0.613761
0.187592
-3.47647
1.0628
0.106864
-19.0948
0.750974
0.480872
0.302476
-0.624002
1.61201
-1.78167
-0.298356
-4.88221
5.64577
6.26985
18.2975
-0.651606
-1.45987
1.10643
3.3511
-0.286919
-1.38961
-0.399343
0.551076
0.279576
-9.6852
-0.849708
1.29634
0.406008
-0.709771
-9.4461
-0.450197
-0.440817
-0.226659
-585.934
-1.12633
3.25805
-0.344412
1.11164
4.59835
1.67048
3.32779
-0.356489
-0.45018
0.903857
0.464764
-2.32929
1.33722
-2.16635
0.513291
1.64449
0.0772699
-3.27508
0.241765
-2.20702
0.367991
-0.381825
-1.06881
-0.280551
-1.28758
0.410399
-5.37368
-0.687127
0.241858
1.00507
12.369
-0.736036
5.9426
-0.559767
-15.0334
-1.12987
-0.556828
4.22592
0.0718142
-1.45813
-0.103639
3.96007
-1.48602
-0.150185
-0.059901
-0.312238
-3910.2
-0.186642
0.0744306
0.253334
-0.25343
6.94915
-3.24617
-0.257982
5.26214
-0.0723917
1.56152
1.66411
-0.740436
-0.475816
-1.85899
-0.15575
-0.83161
-2.56268
0.443699
0.559625
1.84495
-0.485632
2.52989
0.315463
0.357858
-0.0273007
-0.788664
-4.28072
0.210019
-2.37982
0.0378876
2.22722
-3.43075
-0.441165
-0.651412
5.37709
-0.110062
0.910751
-1.00038
-0.700552
-0.745738
0.519067
-1.8384
2.98191
1.39209
-3.52851
-0.109451
0.878125
-1.51256
-2.6864
-0.179659
11.4151
-1.29906
-0.614464
-2.57055
3.6175
4.22449
-0.129667
60.1641
-2.08632
-10.5565
-1.86592
-3.09697
0.167362
0.485358
-18.894
0.086829
0.221718
6.30513
0.48291
0.947542
0.39733
-1.41244
-0.0241709
-1.86929
-1.84943
-0.421747
-1.07539
0.70103
0.715762
-0.440128
-1.57765
0.83689
0.370954
12.3178
-36.5417
0.816842
-3.0648
6.81911
-1.03038
-0.199153
21.0872
-0.0863657
-47.1407
2.31246
1.78319
0.559617
1.93402
-59.1774
2.07482
-0.519301
-1.13875
-0.384137
-0.472306
-1.64337
-0.62421
6.40826
-3.30954
0.718209
-1.09012
-1.68272
-1.61011
2.86637
0.809861
-1.25346
0.49426
0.34225
0.497449
-1.29951
0.206253
2.86837
1.36927
-0.345659
1.38435
3.64998
-1.07805
0.146729
1.12446
-2.64991
0.0552708
1.04988
-0.532055
-0.492486
-0.622624
-5.12996
1.65968
0.447727
1.08589
-0.103166
0.935432
22.9036
-2.79951
0.746356
-2.83624
-0.920339
0.0962952
5.30163
8.36041
-3.26394
1.23183
0.985681
16.8142
-0.454232
0.170766
0.860677
-0.504672
-2.97714
0.889474
0.120459
0.0319576
0.0299969
-2.63338
-2.63536
-0.646729
-1.6075
0.276896
6.79052
-0.222588
-0.0772846
0.183196
-1.15061
0.768932
0.549866
-0.67132
-1.27945
0.688776
0.797019
0.742323
0.563598
0.679227
0.177635
-0.395799
0.245867
-0.894857
0.932931
4.56619
-0.731806
1.4591
1.01999
1.21584
0.175365
-1.02952
0.0425879
0.235286
-1.44283
-0.347059
0.754516
0.801651
1.33042
-0.577954
0.879169
-3.95277
-0.473494
-2.04504
-0.297528
-56.6357
-0.591317
0.17062
2.1016
-0.41127
-0.217927
-4.57791
2.73182
-0.275624
0.00629826
3.05893
3.52544
0.717973
-1.08608
-1.43111
-0.679634
6.82132
-3.30535
0.136687
-35.3006
-246.481
-3.00359
0.955486
-15.283
17.7154
1.18941
-2.47902
-1.15193
-2.05277
-0.0893476
-1.53164
-0.0261117
-0.218672
0.43271
-1.73809
-2.85305
0.808669
-0.206551
-0.415084
0.185227
-1.67633
-0.823556
-0.654725
-1.73573
0.10231
-0.508345
2.18923
1.04426
-0.697834
-1.81832
1.2342
14.2971
0.312893
-0.0416722
3.48393
0.565078
-1.42189
-2.60704
-0.515676
1.55255
-0.403749
-3.87392
0.177205
-1.52212
0.370384
0.726181
-0.826299
-0.222355
-0.409651
-0.575807
0.24069
1.51085
-0.945324
0.688031
-0.0170716
-0.347716
-23.1428
-0.193469
-0.315241
-0.63316
-0.49089
0.462069
-2.08132
-0.723411
0.937267
3.38749
5.69513
-0.645963
-1.38402
-1.39947
0.674991
-0.448831
0.598323
-7.91429
2.32072
-0.195889
2.49974
-8.88588
6.90346
0.0289822
0.0782478
-0.713034
-3.02799
-0.939649
5.50091
-4.74813
-2.8941
1.9414
1.61417
2.15328
0.288719
0.0141563
-0.29662
0.319749
-0.296299
-2.05376
1.67118
-5.23419
2.72398
0.691413
0.8809
-2.08018
0.0910462
0.844991
0.00389788
-1.01636
-0.635911
-41.2852
-1.86388
0.2378
3.01812
0.913615
0.93392
-0.13283
1.07496
-1.90297
0.0904367
-4.10997
-0.0402519
-0.687962
-5.10058
-1.58477
10.4059
-4.12303
-0.529948
0.944558
0.730801
2.68489
-0.369525
-5.75766
0.102674
-1.52169
4.56803
0.437031
25.4284
0.0967428
2.39067
-1.04664
-0.487547
-0.418818
0.953254
-0.204266
1.4759
-1.42833
-4.63848
1.46816
4.8777
0.784532
2.17108
0.307482
-0.33681
-10.6103
8.17981
-0.00368272
-2.84315
0.34632
0.792073
-1.48111
4.63053
0.112774
0.4598
-0.975642
1.11159
-0.385762
0.869412
0.225392
0.0313824
-0.308327
-0.0186121
5.13451
-4.13357
-13.8098
-15.729
0.441408
0.802236
-0.0500282
-1.83265
1.02869
0.277523
1.50159
-0.31305
0.542009
0.616108
-0.046582
-0.884584
0.432965
-1.25142
5.09836
-0.284788
0.340031
-9.00572
0.640716
0.51826
-2.21838
-0.23157
-0.489004
-0.36373
-1.25479
-2.2901
2.02988
0.61235
-0.483261
0.4329
-1.56703
1.30511
0.266542
-3.10379
0.387372
1.26082
-0.320097
-0.914274
0.967059
0.306636
-0.775095
-3.64579
3.68929
0.476997
-0.148746
3.0045
-0.00108168
-0.286338
-0.695501
0.173928
0.729596
-3.29135
-1.13655
-10.2443
-0.615667
8.91544
0.361233
-6.11777
0.667749
-2.37226
0.91205
1.09058
-0.00364548
0.686386
-1.18116
187.357
0.852014
2.12569
-0.118394
10.449
5.18856
1.97435
-1.9978
-0.53291
2.13626
-1.45263
0.835825
0.0626082
-0.151516
0.530603
0.320283
1.34064
0.39557
-4.71888
-1.57084
-1.98768
-0.0652755
2.99441
3.14032
0.706742
-0.570119
-0.696937
-0.453106
0.432824
0.989238
0.528879
0.384781
-1.08988
5.40513
0.35693
1.27928
0.63175
1.24365
-5.32031
-2.8435
-1.7104
-0.752563
-3.75495
-11.5177
-1.81489
-0.821519
1.17636
1.89456
6.66508
0.732477
-1.15782
1.48135
-0.056191
0.87033
-1.12211
-1.41264
-1.06103
0.439349
0.199958
1.22311
1.16138
0.990792
1.46906
0.0133819
1.10661
-2.88536
-0.011016
1.5944
-42.8171
-37.5091
-9.10104
0.681729
0.445948
40.622
-0.457056
0.410845
0.66832
-2.54713
1.39719
12.1725
-1.39721
-0.0647347
2.38086
-4.16148
0.0158546
0.196334
-0.889464
0.607509
1.22666
-0.114416
-0.927339
0.0984377
-0.24976
-12.4912
2.41713
-1.35866
1.47275
1.84308
-1.16662
-2.44868
-10.8384
-0.258128
-1.12697
0.00109158
1.26072
17.8552
0.441832
0.42159
0.174149
0.766908
0.0236988
-0.83738
1.20989
-1.04542
0.474715
1.96257
-6.49762
-0.225048
0.260921
-2.6326
-0.441216
-0.901783
1.3597
0.522805
0.825273
11.0765
-1.91428
0.476817
10.8689
-6.34393
3.17854
0.814181
-4.94081
-0.756641
-2.70986
-1.63343
-2.65372
0.792707
0.552183
-0.225776
-3.7825
-0.00519841
1.04587
-3.11159
0.368339
-0.395265
-0.554706
2.29062
-0.318227
0.658631
20.2894
-0.649043
-232.844
0.616657
-1.01157
0.750704
1.23844
-1.45451
0.483843
-19.8615
-1.58269
0.186529
-1.55406
-0.723493
1.26331
-0.116758
0.706834
-3.66968
1.02824
-0.903337
7.01953
-9.45613
0.44264
-0.481338
-10.8224
-0.812019
-0.48052
0.395333
6.2734
1.82296
-9.48776
2.56367
0.555673
-0.519785
0.865292
0.906487
1.04575
-0.728139
0.130592
-5.73772
-1.92158
1.26029
-0.413691
-28.2159
-1.39879
2.1024
0.529862
-0.7889
0.988988
-2.737
-0.565157
-0.732519
6.72853
-1.0731
0.0411097
2.12074
5.48356
16.5903
-0.976249
12.8975
0.524837
-0.956263
-0.683553
-1.81103
0.555486
-1.23348
45.7019
2.13034
1.02011
0.0852095
-3.77574
-0.154975
0.3696
0.69272
-18.2455
-0.0488302
-1.73183
-0.735606
0.374224
1.64501
0.494976
-0.184626
0.495906
1.52514
-0.304545
-0.154617
-0.794969
0.609037
0.450553
-58.2574
6.29321
1.01439
-1.43811
-12.7173
1.74947
0.0812442
-0.331188
-112.756
6.17356
0.830301
0.240093
-0.122252
-2.63925
2.10365
0.137925
0.180333
0.464411
-2.99796
-0.761756
-10.557
0.10409
0.363727
0.184623
1.33897
-0.881918
26.8862
-14.0468
-3.7311
-0.564435
-1.74546
-0.128485
3.74967
-0.214816
1.10362
-1.16147
5.00011
-0.151191
2.37366
-0.579318
0.46737
0.963681
-1.91731
-4.06481
2.29427
1.01898
3.24839
-4.3198
1.19825
-1.33115
0.957611
-0.0200607
0.958557
-2.43264
2.81814
-3.81958
1.83491
-1.96704
0.04499
0.0701151
-0.661452
3.69059
1.07898
0.863748
0.652783
-0.131063
0.88743
3.70751
4.4504
-0.325333
4.02222
2.20993
-0.152405
0.273941
-16.2629
-2.48526
-2.9918
3.39293
0.48258
-2.94533
46.7344
-15.491
6.39681
-1.92341
-1.59996
1.35996
-4.89097
0.890211
-0.696333
-0.523204
-0.899893
3.04081
0.0945618
-0.0154965
-0.367032
0.0819659
2.44067
-4.21144
-0.288323
0.331869
1.43413
-1.41645
-0.320025
0.243773
-1.07764
-1.19346
-12.2304
2.79883
-9.19059
-71.7051
0.938015
83.8187
-0.0545639
-0.987369
0.606844
1.58714
-0.239462
-1.74098
-0.320824
-13.2101
-1.87461
1.91238
-0.253541
-1.4969
-7.94884
1.2176
8.79678
2.18541
3.58022
0.342789
-0.0295376
-2.62928
0.0233843
3.08091
41.2767
-0.789961
-5.30551
-0.775279
-2.32622
-174.75
0.267284
1.90515
0.905079
-260.886
-0.329941
-1.24138
1.72893
-1.13884
-1.06761
-1.25937
-0.462021
0.308599
-3.27408
27.8526
0.0993874
4.24901
-2.84038
-0.101349
0.480727
-0.0201074
-2.10077
5.77941
3.42176
19.327
-0.0470615
0.0805799
1.35242
0.697722
-1.48003
-0.50733
5.36422
-0.720113
-0.455209
3.21195
0.35704
-3.03773
4.88395
84.6842
-5.2849
-0.541036
0.490388
-0.198755
2.81115
-0.144393
2.41257
1.12014
3.17554
-4.52417
1.08039
-1.72276
-31.7311
0.3732
0.230283
-0.966439
4.63278
-2.54968
0.534977
-0.626861
-0.24231
0.925233
0.00597997
1.28819
4.53291
1.59624
-0.0822436
1.07869
0.668811
1.26894
-1.05133
-0.838197
1.0824
24.2401
-0.783137
0.340068
-0.730926
-1.92601
-2.01233
1.73248
0.391955
-1.34728
-0.93933
0.180812
-1.72223
-0.695921
-0.287159
-0.361675
-2.52895
-292.959
0.853059
1.74213
-6.48485
-0.862226
-1.5531
-0.242974
-0.299421
1.3267
-1.06831
3.82157
0.303745
-3.14815
-0.371177
-0.672256
0.409721
0.831945
0.761853
-1.57102
0.712929
-2.91025
0.244217
-2.04568
-1.15178
2.27427
-18.5037
-0.294247
3.07537
0.964978
0.24955
-1.84493
-0.642647
17.8607
1.43412
2.29854
-0.674977
1.16183
-0.408743
0.445065
0.102592
0.882061
1.58622
-0.456832
1.59033
0.166279
-4.08832
-0.718742
3.70206
-0.498094
-1.67915
1.44536
2.71399
-0.570492
-0.628525
3.79964
2.58264
-0.626616
-1.92278
-3.18399
-0.584159
-0.976302
0.0691483
-0.217396
1.4907
14.3567
-1.0334
0.134375
-3.39586
-5.33302
0.0786417
0.117868
-0.190047
-1.22784
-3.69089
-0.603822
-0.219849
1.37821
-0.602244
1.65479
-1.99346
0.108301
0.546683
0.197429
6.02378
0.823656
-0.838689
-0.532208
0.431437
-0.123403
-0.190565
-2.28486
1.80448
-4.72192
0.980868
-0.312947
0.056997
-0.267353
1.02297
0.266929
-0.229995
3.3794
3.76695
-0.0357327
-4.88701
1.73811
-0.569092
122.487
1.47897
11.1505
1.0401
0.722177
-1.12147
-0.270754
-1.55203
0.874617
-0.116609
3.11119
1.08195
0.955003
-7.34647
0.261163
-0.755609
0.472503
0.572125
16.7964
1.0145
-1.47623
-0.434327
0.299732
3.88113
-1.66422
1.09593
-1.45059
-0.823026
0.278838
-0.545391
-1.89884
-4.98705
0.574165
14.9028
0.183603
-0.132361
0.307052
-1.54678
-0.071825
-1.10282
-14.654
61.5415
0.229829
-0.190742
-0.837743
-0.33658
1.25685
0.773634
-0.0391404
-6.66438
-0.000410924
-0.173697
0.095557
-7.80548
-0.897746
-0.448864
1.68462
-2.37516
0.310029
-2.49459
1.59244
3.70068
0.0181324
-14.1457
0.706128
0.516818
-0.149443
3.64409
0.0610949
0.617495
0.838061
0.0564606
0.461544
2.89489
1.5534
0.999073
-3.40837
0.788964
11.6075
-1.16797
1.88616
-0.785756
-1.00021
2.03614
-1.47564
0.374163
-0.301943
-0.0368498
-0.658823
1.51205
0.142046
-3.80072
-5.49124
1.00184
2.66675
0.0039198
0.400918
0.195039
3.25767
1.58097
-0.0277048
0.432124
24.6208
0.601774
3.70848
-2.15544
-0.795449
0.273181
-0.196339
-8.26238
16.8915
1412.26
-1.71127
1.20554
-0.235674
0.192596
-0.769821
0.118209
1.62578
-0.118169
1.72488
1.53464
0.721082
-2.69818
-0.64821
1.83396
4282.97
-0.480695
-0.298033
-1.75617
-1.93381
-1.52367
1.27782
-1.57997
0.360542
-0.267244
3.21932
-0.358591
3.27722
-0.113904
0.487089
-0.349649
0.879146
-0.291289
0.193212
0.403737
3.67422
0.916338
-10.2826
2.39538
-0.236341
0.527447
1.62874
2.42693
4.31163
-0.405738
1.21668
3.40664
-0.643801
-3.40594
0.0108803
0.169301
-0.439448
0.824589
0.0375906
2.64992
-4.6791
2.13847
1.81477
-1.43915
-5.78468
-0.193906
-0.738715
-0.455087
-0.739094
-6.72276
2.62458
15.4956
0.41312
-0.51946
1.73115
2.6665
-0.253532
-2.53053
1.15541
0.240027
0.567701
-0.480989
-2.92017
-0.533805
-0.365706
-85.6012
-0.263952
21.1212
-4.32584
2.33625
1.73748
-0.825865
0.197434
2.20598
2.53511
-0.52294
1.16061
0.600944
-1.38876
0.813876
-0.467542
-5.58926
-1.57281
0.396954
-0.125752
0.0271554
0.416931
0.777871
-0.776553
-11.3924
0.799964
-4.82445
-1.3939
-2.72663
21.8871
0.532091
-3.22094
-172.036
-0.330557
0.515944
5.33122
0.272638
-2.20143
0.204278
-0.63469
0.15763
0.581863
-0.165148
-2.20186
-1.04551
4.38298
0.924394
2.79553
-1.74737
0.88252
0.421859
-0.0221739
6.47987
4.58698
-1.33523
-0.468185
1.48161
0.397995
0.953373
-34.6774
0.748143
-0.860491
-6.80017
0.350467
-7.48042
-1.91074
21.5476
-1.71297
-0.304798
-5.31003
-1.42472
0.735582
-0.941716
1.38134
-0.137162
-1.08909
1.1901
22.7099
0.304971
1.4716
0.50088
-0.404522
0.728435
-0.198346
0.708467
5.10263
1.23587
1.69766
-3.90771
1.88225
3.38259
3.21535
-0.692847
1.82684
-1.6934
1.49542
-1.94375
-1.67621
-0.208391
-0.505147
2.9213
-2.07921
-10.4998
0.895073
2.85794
-1.21005
-13.3228
1.03863
3.23042
-1.45511
-1.71586
-1.84628
-0.0518489
-0.00139211
0.623492
1.81864
1.65556
-0.248514
-0.196788
0.544676
2.06985
0.0236608
-0.347078
-0.0578803
0.982588
3.38199
-0.811133
27.383
-0.746678
-0.495644
-7.50125
-0.206806
-0.283034
0.219549
-0.779017
-1.53725
-0.756879
-5.01836
-3.4136
0.666385
0.701277
0.907585
1.33981
-1.42735
1.33844
-1.05371
0.155079
0.0480341
1.26565
-0.287273
-4.77685
2.43678
42.641
-0.130728
1.22187
-1.02287
1.81285
0.117506
0.369821
-0.0913127
1.38764
4.02775
-2.77954
2.17484
0.134077
-1.78653
-31.7854
0.256983
1.2631
-0.0560097
1.28336
-6.53785
-17.9679
0.420338
7.27163
-0.292175
-1.29854
-0.267379
-1.16447
0.8485
1.34361
0.295017
0.986703
-0.262981
2.3555
-1.31899
-0.444888
-0.924492
-0.401797
-0.0499872
-0.665734
0.685905
0.694722
0.0105437
1.08101
-0.360029
0.483811
3.47987
34.6308
0.00556481
1.52249
0.376029
-0.0322097
1.55442
2.07278
0.341903
0.813293
0.0246131
-0.0211531
3.49041
14.2897
-3.16505
3.56151
-1.61082
-3.01853
6.86704
-10.1078
-0.147951
0.984213
3.40175
-0.570888
0.871337
-3.01968
-0.29103
-0.432977
278.237
1.56067
2.24099
-10.3137
0.552811
-0.638763
-8.01203
-0.00760234
-1.37882
0.355505
0.329713
-2.96361
2.68436
0.173873
0.801692
0.537582
-3.41049
-11.5885
-10.668
1.48691
0.24181
0.0827919
0.0271273
3.2045
22.9252
-0.949519
3.29201
-1.34703
0.513733
-0.788391
-0.359928
4.57166
0.167376
1.40549
1.67259
-0.137021
-1.19408
0.312199
-0.586884
-0.159418
0.780374
-1.3797
-5.45234
-1.21258
2.75426
1.40869
-0.191835
-0.180466
-1.93245
-3.73113
-0.0163736
-0.136606
-3.0525
-1.1982
1.22289
-27.6107
0.349839
0.15672
-10.4592
11.7651
3.21872
0.393106
-0.894253
0.790618
0.0193675
1.43592
19.0739
-0.682627
-1.12166
-3.67984
-3.8536
-0.0927086
-0.694895
-0.460627
-2.11894
1.2424
-0.44235
-1.52179
-0.570488
-0.559296
-0.0382435
3.44604
0.742063
-0.0346293
-2.01514
-3.76016
-0.53754
-2.40447
-1.0586
-11.9308
0.666264
-8.79746
2.2783
-1.24225
-0.0179885
-6.24319
-0.920597
-1.30306
-1.10303
2.11836
0.689572
-2.54036
-0.296034
-0.477155
0.543803
-5.93233
-0.817983
-11.6059
4.48818
0.368054
4.20247
0.0145071
-1.21973
17.2666
1.12347
-0.285425
19.0819
41.343
-0.322648
-13.5895
0.450353
0.499323
-0.381101
-0.629638
-0.567361
1.00946
0.197789
1.29479
-70.8352
1.86859
-0.009078
-14.6256
2.80829
2.1756
0.942917
-16.924
-0.432423
0.374338
1.19605
-1.13664
2.48814
-0.614825
0.199376
0.298975
-0.410759
0.150934
10.7384
6.7806
-2.22802
0.146041
-1.37271
-0.159722
-1.46232
1.19973
0.756814
-1.20877
-0.143935
1.0875
-4.89325
-1.27224
-1.78257
16.206
0.0419723
0.621611
1.05452
1.03729
-0.181118
-0.945448
5.02433
24.0578
-0.360684
0.2853
-6.14393
1.00629
-8.04617
-1.14307
-1.2264
-0.134026
-0.744471
0.634996
22.1678
0.861504
-0.947616
4.42229
4.48697
223.45
0.622533
-1.63222
-0.0960477
-1.27617
10.9425
-16.0021
7.50853
1.54534
-0.0841621
-1.44023
3.91025
-1.87673
0.75216
4.8683
0.0755338
0.354288
-10.249
-0.177191
-1.64297
2.16907
-2.07421
0.554808
-1.84317
2.33315
-0.633605
-0.637631
-0.808661
-0.343158
-1.14458
1.1002
2.63295
-0.76604
-37.8022
-26.8412
-3.26233
-3.86301
1.94078
-0.158479
0.331671
-0.165706
-4.68438
0.634462
0.44877
-0.993093
-1.7066
-0.0902011
-1.27309
0.862114
9.1928
0.666972
7.80275
-0.638488
1.27858
4.59494
-1.43427
-4.06563
1.7257
-4.85422
-0.605595
0.317599
-0.950317
-1.57923
0.488666
2.49222
-0.217477
2.43861
1.90542
-1.18014
-0.801531
0.0594938
-1.13815
-1.18598
7.9262
1.02391
0.216541
0.160651
0.741427
-4.75305
-4.6554
1.63988
1.67679
-0.129914
0.0731956
-0.343822
-2.78929
-0.737798
2.94665
0.154946
2.8203
3.33512
-0.511476
0.706604
1.03739
0.963642
-1.6032
0.521734
-0.272656
-0.14213
1.3476
0.174109
1.33816
-5.35491
0.0697392
-3.48466
3.90181
6.20497
-3.50015
0.21423
-0.148284
-2.01959
-2.16329
-0.711713
-0.285099
2.47428
-9.16049
-0.253439
-1.2084
-0.675345
-1.9394
-0.553548
0.239609
-0.451518
13.8133
-1.77199
-1.45278
-1.91472
-0.485461
4.08522
0.62974
0.39228
-7.61721
-1.49875
-0.820955
-1.20816
4.07671
0.137451
-2.17585
2.3396
-1.17152
-0.848848
-12.614
-0.0441167
7.08267
-0.0264512
-1.00534
-1.18799
-0.619513
-0.589439
-0.874606
0.24682
1.19676
5.7108
4.47465
-0.478209
2.2398
-1.17293
0.445228
-1.17004
2.52866
-0.325419
0.992587
8.35308
-2.81333
0.343635
-0.0531017
-9.24516
-1.48019
-0.301207
13.4406
-0.10773
1.15666
-0.101761
-0.638433
-0.508257
-0.157145
-3.26342
-4.14155
0.0391337
0.285936
1.28975
-0.113151
-1.44896
-0.0520666
-1.04
-4.1788
2.47946
-0.0640301
-12.3486
-0.891376
-7.29133
5.66084
5.36068
0.0665945
0.25213
0.106085
2.6595
-2.25978
-3.98267
0.387413
1.15387
2.13511
-0.790496
-0.322837
-0.506694
0.352565
6.96487
-1.56577
0.796216
0.69943
-0.289932
-0.822221
-0.205474
-0.363447
-1.63492
-0.565745
-0.433437
-0.619777
-0.667283
-0.864831
-0.216398
-13.141
-1.55937
-62.1341
0.392211
-0.151279
1.50916
-0.476366
45.3358
-9.10864
-8.47066
0.55189
0.261328
1.95398
1.60868
-2.84049
-4.08907
0.131537
-0.466682
-2.28016
0.00971943
-0.129243
-0.0226213
-5.09765
-0.0557097
-0.0018414
-2.60409
0.315454
67.6063
0.0601573
1.79063
-0.903668
10.2334
0.590348
0.348038
0.742533
0.132164
1.75948
-6.47633
-24.79
6.12981
-0.469966
-0.377808
-0.994219
-0.672193
-0.550242
2.15434
1.27339
-0.496001
-0.59155
1.85417
-1.01652
0.121773
0.0534293
-0.65047
244.863
-0.647905
0.0537363
0.0933135
-0.83498
1.26391
1.50184
-1.3041
0.436631
0.142708
-0.841271
0.612777
0.224446
-1.34438
-138.576
15.4626
-0.311492
-1.36904
2.00907
-6.76537
11.2955
-0.609634
-3.34749
0.384225
-1.36598
0.168977
-1.14126
-23.8863
3.30475
-2.25323
-0.0678835
0.318857
0.835333
1.1772
-2.61631
-0.475606
-2.53386
-0.438153
0.446169
1.21531
1.46081
7.73492
1.37881
0.4418
-1.44725
-0.200045
-2.88112
-3.05344
0.126819
1.2827
-0.997527
-12.2441
0.4336
-1.73555
-0.517413
-2.76604
-2.371
0.0476331
2.8483
0.715352
3.12951
-0.292613
-0.856591
0.191316
-1.00905
28.4624
0.475129
-0.636754
0.0603032
-0.255206
-0.400009
0.727852
-0.596776
-10.7262
0.728064
-13.9697
2.21927
0.476145
-0.142697
-3.18351
0.385765
0.211803
7.25206
0.0332919
8.69359
0.624158
-0.933063
0.840413
0.402599
1.09595
0.54463
0.211596
-4.08321
0.187854
0.0961546
3.38048
-1.06852
1.70196
0.513945
4.52718
-0.0918443
1.09772
2.6024
-16.8201
-5.99919
14.9019
12.1661
0.242977
-0.640541
-2.20837
-8.26627
0.263709
-0.66667
0.114329
0.618304
-1.8388
-2.35473
3.70398
-62.9865
0.614652
-1.44081
-1.98027
-1.48957
-0.352124
0.793545
0.0279871
-1.74249
0.42063
4.07563
4.7004
1.57847
-0.294007
-0.7505
-4.79319
0.329853
-2.1165
1.24279
-12.0081
-2.42239
-803.503
-5.25282
0.592963
0.00978581
-5.09185
-1.7084
0.608422
-0.155855
4.90943
-0.473317
2.72841
2.72996
-4.07687
-3.61976
-3.51439
-3.68463
8.88476
5.83722
3.01484
0.578723
1.24602
-0.777959
1.48997
11.0447
0.591405
-6.4517
0.212756
-2.16237
9.20516
0.861332
1.81083
-0.184051
-3.7875
0.319407
-0.623668
3.15905
-15.0305
-1.44754
1.80725
-0.0585928
0.71146
2.86566
1.77243
-1.20778
0.538554
-21.0007
8.8602
-5.61499
1.21837
0.602851
1.39251
-0.154094
-0.811073
-0.908292
-0.729313
-0.0753694
0.377065
1.26565
-0.434126
-2.5042
0.0132075
0.78943
0.11324
4.30911
2.56489
0.0280603
1.33033
-0.478248
-0.000518933
-0.231934
-127.86
-1.21209
5.52332
4.12607
2.10497
1.17342
0.819957
-0.0941646
0.329189
0.400627
-0.229499
-1.99682
9.43899
-0.477021
2.09869
-1.09243
0.653511
1.45533
-0.265888
1.06003
-0.261269
-2.1341
-2.77678
-0.784426
-0.523658
-1.14124
-0.484098
-1.57702
1.76475
-23.4088
-0.178375
-2.1422
2.1814
-2.43804
2.19406
-1.97361
-1.66756
0.486753
-5.95831
1.25113
-0.536431
0.97771
-3.82197
0.147055
-12.5013
-4.61693
0.135175
0.561207
1.06438
-1.43249
0.363048
-1.46089
-0.0779857
2.85997
0.573006
1.51327
-1.69877
-2.92583
0.857234
-0.29738
7.38723
-0.094203
9.01584
2.04968
-13.8589
-0.234857
-0.0519344
0.251034
3.78805
-0.621354
-0.339584
-1.05679
-1.2005
-0.695377
13.1515
0.0602676
-0.866828
-8.54486
2.37327
0.395583
-1.65601
0.296565
-0.209036
-4.01732
0.875923
0.807526
-0.0722152
-0.848776
0.338513
-0.886846
-4.79203
2.13995
-3.1244
0.238609
19.2505
-3.74002
-9.57215
-0.330301
0.576191
0.119334
-0.108114
-0.41737
-0.275538
0.703118
-1.99097
-0.279701
-0.289682
-2.66485
1.74022
0.238673
-0.904241
-6.2546
-0.995149
0.49188
-3.54193
1.05471
-0.655241
-0.21618
-2.51252
-10.6392
-0.0942227
1.51043
7.02636
0.309009
-1.2825
-0.803167
-0.038645
-1.15989
-0.0531319
-1.30719
1.08491
-2.49088
1.49901
0.454396
-1.19022
-1.16496
1.82581
-9.67129
5.42537
0.144423
-1.65203
0.708534
-7.25876
-0.123896
-21.343
3.60886
1.37693
-1.49684
0.518557
-0.100152
0.564539
2.78225
0.421276
-0.620655
-1.79425
-0.337087
0.89775
5.02702
0.408577
0.549364
-2.98461
-0.183238
4.31324
-0.573774
0.625645
0.960818
-0.240797
-0.448505
-1.56453
16.9081
0.645694
-0.694448
-0.812126
-0.705008
1.21909
0.455457
0.216741
-1.05648
-0.0652812
10.4854
-3.01056
-0.987282
1.46226
-0.878489
3.76415
-0.496577
14.1299
-1.10727
-1.56664
-1.73463
0.315671
-53.1106
3.9028
-0.921866
-0.531111
32.427
-3.2747
-0.57843
0.605165
3.17309
1.38561
3.27087
0.0618467
-0.860537
-0.502197
0.678567
3.26432
8.02047
0.628702
3.99491
0.712409
1.93524
-0.24772
0.657225
0.167173
4.5421
1.35583e-05
0.178899
1.28503
-0.396815
-0.75386
-1.5797
-1.38651
-1.90301
8.83636
-0.641192
-1.19136
0.181733
5.70977
0.799814
-0.242726
-6.685
4.54257
-22.075
5.11471
0.566541
-0.68868
-0.065179
0.629887
4.2779
-2.55289
-2.81181
-0.0528144
-2.84225
2.95109
-0.712137
-0.114641
-0.213998
-12.369
0.354793
-0.756242
0.168078
0.00777237
0.597505
-0.426841
0.0612796
7.32988
1.22995
0.622518
-0.478062
1.90231
-2.32608
0.733557
-0.774773
0.449425
0.302133
-0.117482
17.2037
-1.91845
-2.35422
0.841044
11.0725
-0.872916
0.72108
-1.57237
-17.4741
41.2358
0.518636
2.47581
-1.8568
2.03671
0.635925
0.108647
2.59764
1.93893
2.61
3.73439
0.0597214
-0.162908
-1.36954
-0.0988624
37.6058
0.562155
-52.9382
-1.13352
1.03982
-0.941449
-351.131
-1.41397
1.32353
0.873616
-4.67195
8.45097
0.167241
-14.4956
-0.517305
0.0289476
-1.58808
-0.743383
1.93771
-2.17589
-0.569655
1.11384
-0.267994
-3.06755
1.06128
-26.3714
0.487275
0.0323599
0.166517
-165.642
4.72931
-35.489
0.299611
-0.483023
6.57517
0.66103
4.9365
1.22703
22.6649
-1.22904
-1.8981
0.206482
-0.203329
-1.10922
3.00051
0.84953
4.58115
17.2442
0.229527
-9.57102
4.95637
0.412853
76.2742
0.254222
-0.139529
0.717613
0.505037
-13.0894
-2.72486
0.292385
0.323202
2.26301
-1.12505
4.49652
0.819734
1.2168
0.63695
10.606
-1.05184
1.17857
-0.138826
2.1882
-0.36898
-0.865628
-0.967113
-6.50021
-0.220308
-0.158498
-0.555028
-0.489013
1.01358
38.3317
-0.317452
3.00735
-1.87791
-0.150682
0.356984
-1.45697
0.81201
-0.877449
-4.41939
-0.00125503
-0.72942
9.151
0.434064
-3.34151
-0.572253
1.32821
-0.50131
-0.862641
0.00225802
0.289578
3.68049
1.53766
4.13585
4.06607
0.260838
-1.254
-0.0816812
1.4632
1.66912
3.99379
-0.300257
0.730554
-0.298699
-10.9227
-3.3354
2.19754
-0.355472
-0.749188
1.23244
-1.48401
-0.190742
-0.0622619
-0.0810391
-0.970133
0.428835
0.396431
0.0108831
1.67478
-1.11258
0.384034
2.40981
2.68467
0.663222
-2.408
1.01198
-0.619307
-0.835299
-1.30963
119.978
10.622
-0.393082
-0.897014
-1.09792
-1.6248
-2.90101
0.113009
-2.70702
1.1208
-0.0503003
-4.53288
-1.28389
0.287913
2.04476
-20.7755
0.222617
0.122625
-0.544589
1.10138
-0.094941
0.139995
-0.931054
-1.90591
0.192729
1.83434
-0.146185
0.956872
-1.34415
-0.659917
-1.31673
3.2811
0.990317
-2.80823
2.01709
-2.36195
-0.0129075
0.968734
-0.284641
1.18864
0.137533
-0.238725
-5.35225
-0.510607
0.22863
-0.581421
-0.342219
13.4938
-0.0699569
-0.717857
11.7132
-2.04442
0.0891789
0.317177
-8.57891
0.273638
-2.64252
3.1534
1.85265
0.632273
-2.15126
0.719546
3.26958
-0.467515
2.96383
12.1356
-0.393513
10.5726
0.235891
0.558154
-0.378775
2.04601
-0.662338
-0.193224
-0.675217
-0.880566
-0.442485
-0.501472
-0.0193335
-1.20731
-0.195325
1.3781
-0.434038
-3.76486
0.143203
-0.179063
0.214294
-0.306851
2.33534
1.28122
-0.259162
1.04399
-52.7656
6.63398
-1.69513
-0.569654
1.89749
1.76888
-0.683164
3.7546
-1.50121
-0.750075
-0.202914
0.0485889
-0.0688208
-3.79338
1.03123
-0.232155
0.712633
-0.499421
-0.880951
-2.95591
-1.39527
-1.08333
0.507032
10.0239
1.34706
77.3918
-1.03799
4.54296
0.246601
-0.419279
10.1434
-1.25519
-7.32602
-0.665085
-1.7958
-0.812766
-0.764561
0.116959
1.46228
2.35911
2.16227
-0.546546
0.373827
2.57986
0.258062
-0.522271
5.13639
-4.35982
-0.497865
-0.0580148
0.706106
9.26704
0.470319
0.458779
-0.156829
-1.15618
-0.29613
2.09656
-0.536233
1.06669
0.821354
0.0559126
0.358269
1.48114
-0.778315
4.08175
7.12989
-0.303744
2.29729
0.445154
-1.20601
-44.1697
1.47947
1.94102
-2.29577
-15.4421
2.50605
2.42995
-0.028795
2.32002
-0.284924
1.66312
-0.802923
-0.761521
0.205086
6.88692
-0.246466
0.0929372
4.40612
-2.0616
-0.156261
-0.191338
0.935214
-2.62046
-1.33992
2.25675
-1.79652
-24.6087
0.0434948
3.21109
-0.647743
0.715524
-0.692972
-6.52139
-0.2163
-1.61668
0.0834072
-0.794778
-0.927313
-0.620436
2.4289
1.66708
1.33929
-1.50155
0.500292
-0.624615
-9.11259
0.19067
-0.173348
0.28864
-2.89613
0.405928
0.775359
0.26181
0.137636
0.43564
-11.3965
-0.558071
-0.925262
6.41094
-0.276973
0.127765
-0.237277
-0.392141
-0.167319
-0.659741
-0.175658
0.277297
-1.30977
0.195887
0.963298
0.437774
-0.642616
-0.0423274
-2.54212
0.375178
-2.21978
-2.60955
2.53842
1.77347
0.655581
-0.575283
0.450408
0.852553
-0.441514
-0.634095
-0.671634
0.818781
1.20196
0.703912
7.39042
0.891221
-2.73806
0.0857663
-2.68406
-0.00690958
-0.243187
-5.64672
-0.223272
-0.714436
0.51099
-1.67453
12.7386
-0.939527
-0.258472
-0.147167
-1.20168
-0.823732
-0.107662
-7.74497
-3.19374
-0.879326
-0.630721
-0.694398
-1.18464
-0.417187
0.0110955
1.43284
-0.309768
-0.0467508
0.181204
0.679259
-0.503294
-1.22308
-0.756595
-1.29498
6.5584
-4.44891
-4.81287
0.438856
-1.48907
-1.11649
41.0724
-0.698836
-0.933427
4.83954
0.959852
4.79966
10.649
0.744328
2.00344
-0.0415391
-0.639312
-3.62637
0.416446
-0.774571
-3.68879
-1.14349
1.72492
1.35195
-0.1584
-1.45486
0.0528661
4.04842
0.850664
0.869556
0.631318
4.44207
18.8941
2.04949
-7.77476
1.32849
0.411276
4.19234
2.75876
-1.85443
15.6487
-2.50065
3.47684
-0.327173
0.890961
0.781528
-0.795694
-3.84371
0.472331
-1.11365
0.20933
2.59903
-1.14889
0.437481
0.0117957
0.541837
0.809545
-0.561615
0.452058
-5.91403
39.5165
1.26822
-0.722281
-1.04663
0.551535
11.2353
-1.98085
0.665701
0.964697
-0.38947
-1.25978
2.25158
-1.21152
0.970139
-1.9583
-1.27646
0.950318
-1.87793
0.500474
3.40527
-3.33381
0.258906
2.41777
2.934
-3.23511
0.0292252
-81.7382
9.31973
1.0155
-0.670282
0.618197
-2.83443
-0.256416
-0.683493
-6.53611
-0.0995856
-0.020329
0.14225
-3.75547
1.60114
-0.0875066
-0.435397
0.711525
0.526013
4.50537
-0.566201
1.40722
-0.927843
-1.00878
-1.49475
-2.71189
0.608597
3.81028
0.979071
0.392939
-0.335714
0.104935
-0.203498
-0.508015
0.176459
-1.06918
0.0199651
0.262274
0.0429583
-1.24765
8.56158
-7.48276
1.11046
-10.5272
-4.82514
-0.104461
-1.29033
-6.82946
1.5253
-0.578209
0.428321
-3.33418
2.62406
5.88882
0.722972
-273.444
0.287323
-1.58981
-4.33981
0.385741
-4.89986
-0.997712
-2.67684
0.898284
-0.312004
-0.238534
-6.53517
-6.40906
-0.0445359
23.4029
-0.59428
-0.759593
4.32763
2.18054
0.751702
-1.47584
12.2325
-1.37145
-0.024419
-26.6502
2.47879
-8.65487
0.331274
0.0282333
-0.372406
1.71387
-0.351276
1.32718
0.304179
1.17269
2.59419
-0.371446
-0.929343
-1.21066
0.9599
-0.902429
2.32174
1.02199
-0.821187
-0.454724
-0.82414
0.123215
0.926571
-0.104572
0.696863
-0.113107
-2.87614
-0.375557
0.17215
-1.5088
0.333194
1.57956
-0.0397893
0.576576
4.91145
2.45128
-0.726471
0.540227
-8.7834
0.0717368
1.77962
-4.52671
-0.504764
0.521048
-1.00243
-1.18609
0.840424
0.545931
-1.68724
-0.801101
0.0530616
1.42133
0.256987
2.87977
0.370042
-0.637013
4.74669
5.15262
-0.150937
-0.190383
0.576437
0.726043
-11.9408
-1.31315
1.03489
-0.0475579
0.036458
0.972389
1.85455
-1.75443
2.29988
1.36948
0.683764
8.64689
0.409399
1.87599
-0.605634
0.316813
0.93157
1.5722
1.11639
-2.58169
1.98362
1.26431
2.71333
0.0338132
-0.759406
1.03287
0.0587769
0.33286
0.0387656
-1.36612
0.623625
-0.0471625
-1.35008
-0.723036
-0.596561
-3.47137
0.121841
1.5817
-0.0986397
0.985861
2.06391
0.730645
-2.28624
0.627435
-1.05129
1.35824
-2.22646
-1.0072
1.32333
1.87227
0.173116
-0.410129
-0.122893
-0.566442
-1.70799
0.477289
-5.6654
1.94666
0.935798
-2.65416
0.289985
0.0418424
-0.531401
-1.97089
1.88901
0.566054
-0.208184
1.71047
-0.0850492
1.47867
-0.443663
0.391199
-23.3572
0.525308
1.39103
1.73425
-0.942401
0.230017
-0.0692267
0.307445
7.0005
-0.315599
0.622207
0.0986206
-0.027922
0.831438
2.0803
7.64089
-1.51197
1.61193
-8.74755
4.59851
-0.365694
-0.939332
-1.4639
1.40532
1.00803
0.628206
-0.781472
0.0311171
7.07858
0.498075
-0.936854
-9643.42
-0.96201
0.879447
79.9634
0.613775
2.80495
3.41223
0.426286
1.00948
-10.338
-0.635595
-1.22941
0.847854
0.542514
-5.83726
0.79046
0.000599276
2.19308
1.13655
0.393236
-0.0780515
-1.00854
-6.85586
-0.720326
2.5653
-4.07693
0.0914889
-0.385888
14.7903
0.317674
29.5098
0.498939
0.156937
7.63427
40.1415
0.14866
-1.94031
2.67979
-5.12382
4.03856
-4.40321
0.0134791
-14.3063
0.170127
-9.01132
-1.82631
-0.0511814
-109.746
-0.213115
-1.36272
2.35602
0.175947
1.26125
0.112636
-1.44588
-2.44285
1.30824
-3.05975
-1.77257
-0.73804
0.806704
1.0164
0.0732799
1.88231
0.676951
0.0162902
0.463115
-1.8994
-0.931046
2.85579
-0.608934
4.22074
1.03342
-0.755944
-2.42885
0.360624
3.2399
0.78306
-0.687584
0.187045
-0.267893
1.29152
15.8803
0.0326093
-0.341901
-0.254876
0.338087
-0.159694
0.296841
-1.28273
1.01405
20.1733
-3.97418
-0.941915
-0.43803
-5.67054
2.49585
2.48658
1.62034
0.479403
-0.215489
1.05935
3.26372
9.46642
2.1194
-0.330441
11.7237
-91.7259
-0.333372
-0.0911205
0.822781
1.28213
0.362958
-2.78427
-5.65087
-0.842418
8.17842
-20.1585
2.59414
-0.396338
1.22482
0.245078
0.0543293
-0.0218636
1.0908
0.321951
-16.2481
0.454496
-0.622715
-1.33642
-0.124856
-6.72375
2.35663
20.0223
1.9392
-0.747864
-0.375072
-0.905154
0.99949
1.92246
-9.01159
-2.92872
-6.66828
-0.611818
0.231368
4.66485
-1.16284
-0.919583
-2.25696
0.751769
-0.0775731
-5.13901
2.28311
0.475852
-1.02684
-0.159391
-1.83171
1.46658
1.23017
3.20099
0.788453
1.41109
0.372966
-13.4389
0.227756
0.38123
13120.3
-2.57772
-2.85367
4.24885
4.32687
-1.06071
-1.58361
-0.201711
-0.944019
-2.22748
1.73531
0.162075
3.61936
3.56949
-0.322965
-1.87013
0.108271
0.034309
-0.524107
-0.0178022
1.57152
-0.137276
0.572179
2.56167
3.06549
-0.482823
-1.42061
-0.638675
16.5156
-0.587825
-11.6726
-1.46239
0.155709
-0.934353
-2.86148
2.40079
0.385566
-1.19541
-1.67178
-1.51584
-0.739757
0.563545
2.63482
0.611463
-0.307949
-0.589444
0.118008
1.73592
0.246498
-1.64707
-0.843287
-0.218125
-6.88192
2.04199
-0.961086
0.879169
-0.422287
-0.172994
-1.77717
0.208697
2.03124
-4.92223
0.319876
-2.72074
-0.57573
-0.813492
0.307496
0.414126
-0.564293
0.268541
-2.11628
-0.320591
0.853204
0.697119
0.0702956
-0.362711
-0.20477
1.32927
1.51473
4.94045
0.337419
0.666595
0.967023
-0.163226
-0.135757
-2.65258
-0.65582
-1.74493
1.83863
-0.728946
-0.0541404
0.43629
-0.398397
0.384889
-1.30053
-0.244861
-1.08396
1.33693
2.63047
1.07878
0.140784
-1.41959
0.748506
1.01554
17.4903
-0.462982
-1.96329
2.40039
2.77325
0.394883
0.138655
1.36344
-17.8991
-0.889073
-0.660921
-0.842631
2.82573
0.542453
6.05052
0.700514
0.670809
0.174053
-1.31807
-0.731753
8.20154
0.274484
-5.57867
-0.233512
-1.83137
-0.676453
0.182765
1.00688
0.0558988
0.296102
-3.06316
1.44705
-2.54045
0.536411
-0.601938
-1.24596
0.367397
-1.19321
-0.0434564
0.38475
-0.033411
-3.07672
23.5567
1.49849
-0.867342
1.13346
-2.1538
1.29423
0.500384
-0.119189
-0.149429
2.00954
0.418154
-3.71723
-0.261622
-0.900731
-1.63252
2.29144
-0.172698
3.19305
-0.519568
-2.4941
0.158443
3.54281
0.905408
-0.699919
1.05863
2.72006
1.12132
-16.5959
-0.0886229
0.838327
3.62754
4.47474
-1.0139
-3.60856
-2.30993
-0.422097
0.525098
1.2742
0.492328
-0.956484
1.09034
2.8343
0.935096
0.476547
108.395
29.2476
0.248605
0.350424
-0.598809
-1.02731
0.108188
0.237191
-1.8627
-2.67697
-2.95452
-3.25054
-1.32958
0.280072
-2.20606
-1.20064
-4.88996
1.23981
-0.611328
-0.194124
1.14195
0.0425983
0.788111
9.93274
-0.911391
5.83082
2.36168
1.31667
-0.953233
0.119734
0.0950314
1.4083
-6.58175
3.14283
-2.3055
1.14559
-0.44016
-2.84482
-5.82535
-0.420016
-0.0965615
26.68
-0.20054
-0.32412
-0.178051
0.74158
0.123578
-0.127903
0.553036
1.21652
-0.27297
-0.375253
-1.04408
-0.13706
4.44815
-4.45586
-0.642949
-0.709768
-0.792353
-13.7591
-5.7671
2.51764
2.37634
3.55053
-0.0736832
8.09093
0.860519
-0.540628
6.0352
1.00767
-3.54493
-1.09836
-1.9253
1.03373
1.12924
0.243719
29.3836
0.70036
0.184784
-1.16355
-0.0831427
-1.73374
0.75121
-0.869668
1.92505
0.510725
1.25629
1.11396
-3.74625
-0.696905
0.341723
-1.11701
-0.664736
-0.660653
0.177466
-0.00245621
4.92162
0.48571
1.17463
-2.03892
2.25284
0.438373
0.884843
0.439696
-0.370045
-1.47959
0.174119
-2.3347
-1.24873
-0.512805
1.68955
1.87894
-0.951012
1.45718
8.23052
-0.223476
-0.12196
-2.29563
-0.540568
-24.5134
-0.322104
0.580161
1.10378
-0.671271
-0.267497
-4.26234
2.01034
-0.45233
-5.72187
1.44904
-0.496109
2.723
-0.250791
47.7276
-0.297702
0.280987
3.43281
0.067513
-0.425161
1.2574
-0.693743
-1.65304
0.36936
0.309526
0.514525
-0.131613
-0.0802246
2.29608
-0.134516
1.11565
5.64591
-0.721853
-0.472636
1.9451
1.38532
-0.369953
0.721272
-1.07543
2.23469
0.54545
-0.931516
-1.15425
-0.0869685
0.542474
3.12344
0.245131
0.109961
0.427617
0.264042
-0.170281
-1.06161
2.17955
-2.95394
0.276268
-13.2448
3.21927
1.96344
-0.165498
-1.63004
-0.672467
-6.67654
-1.31861
2.6365
4.52371
25.5722
-0.0382733
0.987621
-9.36625
2.36513
-2.53817
-0.163938
0.626772
12.0761
0.913664
1.69671
1.50604
-0.0468952
-0.323099
0.601416
-9.61514
-0.777674
-0.0382037
0.710758
-0.424535
1.4371
-1.21187
-0.369033
8.73391
-0.324258
-1.01345
-0.427842
0.656638
-26.2019
-1.64554
0.0395499
0.0926936
-1.04397
-1.08827
280.273
0.0596198
-0.963982
4.64927
-1.73493
1.36526
-0.00341997
1.01634
2.67416
0.199952
0.56575
-4.41725
-1.18069
-2.334
7.93543
0.225431
8.70805
-2.71246
13.378
-0.0229565
-21.2826
-8.4847
-1.40361
-5.1075
1.4357
8.20416
-0.576783
0.186418
0.330469
2.18967
0.501591
-1.18362
1.06866
-0.00557005
2.89952
0.24838
15.7037
1.67779
9.32682
-0.6717
-0.401601
1.01839
-5.93319
0.423853
2.03686
-0.142776
2.51791
-3.67462
0.72359
0.465638
-0.519522
-2.27681
2.771
1.13102
0.634673
0.51643
1.54613
-2.12657
0.0379682
-0.402922
-0.921516
-199.834
2.56979
2.39778
-2.97203
-0.764054
-14.5358
-0.676443
1.71706
-0.0802637
0.0267269
-0.330723
-2.74672
-2.22086
-0.0424035
0.142738
-1.79392
-0.440587
-0.546717
0.213209
-0.0899589
0.581408
-3.48683
-0.475343
0.996419
1.58236
-0.792992
-0.375169
3.42101
-34.99
-0.579503
-5.05399
3.43677
1.3516
0.701635
0.141882
0.0242729
-3.04781
-0.501409
-0.671598
10.4853
-0.623746
0.539765
-0.0759875
-0.396883
-0.506531
4.22743
0.0682146
-1.20241
-0.9361
-0.166042
-1.5412
-1.52537
-0.831257
1.68565
-3.62883
-0.377773
1.00988
0.0300355
41.2736
0.975246
3.47721
4.29827
-3.76077
0.00842797
-0.082418
2.81724
-0.219509
0.38351
-0.721558
2.52282
1.3107
1.38923
0.260725
1.78753
0.879894
0.1191
2.16763
0.196512
-2.70877
-0.608387
-60.2164
0.392276
-2.62748
1.51187
-0.164511
16.176
-6.83466
-3.18915
-0.378587
-2.17331
-9.97426
-1.77498
-0.556051
0.125516
-0.0531872
-0.744754
0.12202
-1.37148
-3.60069
-118.404
0.892131
1.02838
-2.08242
0.678499
-0.822523
-5.2427
-1.23109
0.997604
0.36604
-0.594883
-0.486631
7.82197
2.46325
-1.29768
-0.278187
0.0700977
-0.266314
2.23663
-0.178057
6.38074
-0.275606
15.6954
0.564579
-0.61089
-48.2961
1.04211
-0.353522
0.053498
0.320448
1.66273
5.23284
0.758222
0.0863133
-1.4908
2.52633
-0.152068
-0.823844
-0.378415
-0.459522
1.3644
0.279707
2.17095
-1.28459
-0.950187
2.58299
1.27565
-0.0779794
0.0434833
0.858247
0.129318
-2.00932
-7.61888
-4.4061
-1.4012
0.104459
0.480329
-2.47979
-0.228726
0.504273
-6.85658
4.79867
-0.964221
0.849037
-0.969851
1.04813
-926.282
0.0102433
0.774915
-9.17457
8.66278
3.546
-8.91341
-2.38777
0.115622
1.5223
-1.03374
-1.58366
0.215126
0.151238
-1.48743
1.44429
-0.349439
4.71485
-0.778994
0.353748
-4.75748
-3.96089
1.29625
2.2748
0.194188
-6.63429
0.798951
-0.851546
-0.388152
-38.4265
1.09153
5.8196
-0.250867
-0.388907
-0.396931
4.19232
-143.697
-1.92212
-0.502691
0.953016
-5.98095
-0.734292
0.860849
-2.77772
-0.617952
-1.06021
0.819627
0.635158
0.14351
23.7374
-2.7198
-1.7278
-5.61298
-1.62098
32.3408
-1.43203
-0.582645
-0.348083
146.925
-1.09889
-1.3491
-0.0249111
0.940627
-0.672077
0.885848
0.564877
0.252281
0.488151
-0.554491
-4.53167
-4.56804
0.962572
0.655102
-0.536608
8.35153
-3.38806
0.545973
-0.677846
0.777997
1.24633
38.186
5.08335
1.12683
0.488223
0.0915165
3.04707
11.9597
0.65732
1.81752
-0.244412
0.0537753
1.62128
0.0597598
3.35151
23.3353
2.17321
-0.646273
0.28724
0.607019
-1.84976
3.99759
0.40729
0.194896
3.12772
1.91688
0.130798
-0.46799
-0.42362
-0.754579
2.74249
-184.863
-2.93053
-0.778744
1.20078
0.284104
0.210891
0.426685
-0.479472
-0.68158
-0.224191
-5.54602
0.458582
-1.69375
3.99225
1.38761
0.0333361
0.389646
-2.69761
1.36162
0.695373
7.94148
-0.285744
-1.62864
-1.00539
-11.1282
1.13767
3.50732
3.10089
-0.152466
2.81136
-0.707753
0.860521
0.0703025
0.841538
5.06137
-1.85421
1.1135
2.57358
0.542778
-0.17543
140.565
-0.374184
-0.201293
0.88499
-48.8316
0.20189
-0.148112
-3.38374
0.277416
-21.4692
-4.72616
0.150853
-0.778929
0.776701
2.49443
-0.786021
-0.182305
1.37217
-0.138817
0.445817
-0.692717
-10.1192
0.93119
0.107143
-0.395424
-0.818752
0.959674
-0.235687
0.94507
0.853889
-1.32727
-20.6252
0.0743804
1.76983
-1.25235
7.95554
8.35425
-3.88383
0.0945402
0.345427
-0.602821
0.27628
-5.79989
-0.24182
1.0964
1.33873
0.730005
-2.0544
-0.028778
-0.357856
0.146705
-1.20873
-0.915138
1.27689
0.0761419
0.855615
1.3989
0.475142
-0.530533
-0.3492
-1.21063
63.2666
0.403423
557.748
1.49894
-0.024139
7.3161
-1.22601
-1.59905
0.620687
1.19784
2.50587
-3.86949
0.170184
0.0902438
0.753625
-3.20008
2.9665
0.980076
-0.0302009
3.41443
-4.65272
-2.66917
1.29078
0.722374
2.23332
1.58269
-3.17964
-0.577567
4.18258
0.176272
0.0608435
-0.0115737
0.791604
-2.71482
-0.136493
0.155888
0.338713
0.931842
-1.35628
-1.93987
1.60092
3.26724
-0.538594
-2.12568
0.717298
-0.506164
1.80376
-0.659278
-0.323661
-0.650057
0.278432
-0.184267
-25.6593
17.7396
0.577677
-0.110758
0.856936
1.073
-0.311214
1.9679
1.18451
3.19475
-0.834037
-1.54103
-2.63385
1.067
-0.371637
-1.16774
-0.421107
-6.58901
-0.475928
1.46225
-0.184764
0.840387
0.101191
0.845267
10.1186
-1.5744
2.31826
0.616297
1.47361
0.507222
-0.154061
2.70148
1.43058
0.941458
-0.596821
-0.00923763
0.493743
0.15127
1.49818
0.564222
-0.707448
-1.13491
-3.2754
1.41971
0.0315078
0.497574
1.64065
-1.3899
1.42112
6.07953
-1.73204
-0.101436
-0.0851379
0.710205
0.472208
-7.69696
-1.1945
-0.208036
13.9802
-0.220899
1.1303
-0.841758
-3.29737
2.71643
4.1361
-1.77113
-1.65884
0.0722858
-10.4312
-2.77568
5.06791
0.508324
-0.267794
0.404254
0.102354
-15.0088
2.58119
-0.0194871
1.15094
-2.81989
2.58969
-0.51957
-0.805417
6.16073
-1.05926
1.44762
0.266238
-0.466846
1.09158
5.27228
-5.14539
0.731854
-2.30045
3.28646
-0.591243
0.594542
-0.654799
1.22592
1.19625
-1.17957
-26.3883
-2.40023
3.86361
0.54686
0.674872
-57.9078
-2.10506
1.45851
0.43225
26.2799
-0.799459
-1.48843
1.92439
-1.10712
-2.80796
-6.75916
4.7658
-5.37398
-2.90044
1.97103
-2.11476
-20.5276
1.64529
31.5118
-0.827125
0.357994
-6.66951
-4.131
0.0652139
-0.240168
2.52095
1.85921
1.86334
-4.86493
5.92215
0.598947
-0.0404191
-0.190715
0.453973
1.85246
1.03045
0.0708402
0.493046
0.544234
0.434753
0.743728
8.37977
-6.6317
0.545701
-0.578788
-0.0404799
-0.407133
0.362103
-0.768401
0.440439
-0.211163
17.4253
1.23514
4.35391
10.5015
42.8914
0.616659
1.18011
0.689199
-3.25828
0.444761
-0.0469061
-0.128065
-4.13306
-0.785916
0.0807334
1.74119
-21.2373
0.0540803
-1.61575
0.646698
-0.271179
0.0796878
0.778926
1.06773
-0.109289
-0.155495
-5.53956
-1.99656
-0.622692
-1.16277
0.726838
0.253639
0.141494
-0.82582
-60.1371
1.71645
2.78227
-0.852266
1.68671
-3.2335
0.354603
-0.760639
-0.0438521
-0.0191346
-0.289729
21.9814
1.36652
2.57489
141.365
-0.207621
-0.917323
-0.908418
0.832113
-0.0849885
0.382088
-1.31741
3.55403
8.48286
-0.894497
-0.580886
-0.026395
-0.519505
-0.157921
5.60796
63.9441
0.376053
9.36464
4.32604
-0.214355
-13.8389
-0.835165
1.0643
-2.9575
-0.299769
10.1976
4.45477
-0.473179
12.3916
0.124873
0.138868
1.91456
-1.58939
-3.34035
6.51508
91.1248
3.75697
0.744622
-0.320473
-2.31637
-0.844584
1.84325
1.44677
1.10877
0.588205
0.574568
-4.29539
-0.689501
3.09856
0.432533
0.172305
-2.0301
1.56404
2.85137
-2.21981
0.511512
0.746531
0.454794
0.329386
-0.827883
-12.2101
-0.578644
-2.88257
-3.84937
-1.41592
0.0199293
30.5087
0.420393
0.541649
-1.0087
0.215563
2.6018
0.0132658
4.21905
0.00873473
-0.303974
-5.02748
-3.9271
0.69323
1.18509
-1.05182
0.442887
3.05353
-3.23158
1.17214
-0.370168
-4.45895
-0.0620182
0.611529
0.376104
-0.702749
-1.83417
0.197233
-0.541299
1.07605
0.830183
0.0305637
-7.53178
0.24248
0.894494
0.144331
-0.983886
11.4933
-1.19693
1.15018
-1.27225
-0.664749
-0.191682
-2.12591
2.47467
-0.148256
-1.18043
10.4345
0.390013
1.44832
-2.12767
-0.519071
-0.719623
-0.258939
1.2207
-21.1373
-4.41619
-0.628886
-0.796873
4.21859
1.09371
1.38756
10.6906
-0.192539
0.394959
-3.73637
1.54927
-12.9616
0.153741
-0.849065
0.123276
2.55338
-2.49674
1.87022
-1.16285
-0.431243
-0.218485
3.47927
9.65224
-4.6291
32.1354
0.647479
0.143015
-44.4512
-0.561122
1.03302
32.2923
-3.09804
0.165764
-1.68428
-0.180809
-1.17732
-2.72194
-0.0313345
-12.6737
2.22984
-1.16302
0.428028
1.87486
-0.215624
-0.106666
0.813455
1.08135
-2.56245
-4.00551
0.864255
0.157282
0.0554367
-1.06268
4.51199
-1.25801
1.05013
-1.84111
-2.34109
4.40268
0.502744
-0.392768
0.441606
2.99681
-0.00584182
0.178675
0.764328
-26.8834
-9.01219
1.73105
2.58644
-1.26569
-1.88501
0.284446
1.37643
-9.2415
-6.51941
2.3067
-14.7546
-1.05117
0.0994636
-0.481482
0.171678
-0.152722
0.583221
6.13087
-2.18019
3.60065
-0.124214
-1.09941
-1.45681
1.579
-0.259036
0.493146
-0.110789
-0.0790883
0.197087
0.331342
0.743885
1.3539
0.933246
-1.62009
-23.1245
3.68605
-23.7137
1.36438
0.599581
-0.617813
1.27234
-1.19375
0.268709
5.68465
16.6494
0.105266
0.609074
3.69596
-2.79767
-0.0693254
0.0438043
0.932659
16.4045
-3.55774
0.500651
-4.08333
-0.548097
3.63032
-7.2301
14.0732
0.480633
2.49732
-1.26234
0.0340235
0.826652
2.62704
3.51925
-0.923183
0.723104
-0.105434
-0.466809
-11.3947
0.545516
2.71189
-0.154278
0.258182
1.67463
0.314346
-0.685534
-0.886028
-0.652791
2.84964
2.72905
1.55203
1.25428
1.17677
1.84709
0.399006
-1.66582
0.31257
-1.16868
-1.12804
0.17123
0.731494
-1.37307
0.0339316
0.907609
-0.546998
0.795503
0.523676
-0.256866
1.96492
-0.8488
0.725007
1.36929
-0.956157
-2.06084
1.985
0.469396
1.47561
0.413543
-0.00342088
1.65087
-0.581992
5.14185
0.288081
0.096143
0.418196
38.9291
-0.630738
-0.606102
-0.181196
0.647299
2.4166
-0.236359
-0.690274
-0.266985
0.97682
-0.0582542
-1.41435
-0.344411
-1.24276
0.655253
0.154068
0.117237
-1.39465
0.22914
0.274045
0.925356
0.19131
-0.017791
-1.23715
-0.772226
-0.0212245
0.0444683
-5.44961
-2.33765
0.899208
13.6586
0.0503759
-13.0666
-0.13348
-2.01347
-1.32657
-0.261011
1.96046
2.48627
0.392208
-1.25882
0.775241
0.700179
8.45559
6.70703
0.367743
-1.25156
-0.152666
-5.03882
0.159032
1.23557
0.270018
1.61364
-10.5356
0.129509
-0.160721
-0.0737702
7.27357
0.135802
0.196526
-1.6893
0.20038
1.37777
-1.21439
-0.899538
-0.23028
-6.1177
1.25678
0.357243
-0.744035
-0.691868
0.57928
-2.50596
-1.05664
1.19477
-0.293577
5.95483
2.01261
0.745153
1.02314
-19.914
0.431192
1.75365
-0.785343
-0.570399
0.174739
2.35622
-1.44041
0.0480172
-3.022
-1.44486
2.68478
-12.5703
0.967826
-2.07881
0.047922
-0.571172
-1.23554
-0.0719052
0.0416548
2.51897
-2.22471
-0.332887
-2.29497
1.44375
-2.00261
-0.897454
-0.535518
-2.72702
0.465253
-1.45246
-0.0367376
-2.12922
2.34837
0.506353
-2.70614
-0.320111
-0.402635
0.859612
-0.971574
1.38704
1.62151
-8.34113
1.24978
0.739652
1.64429
-24.1298
0.856588
0.647916
0.219719
-8.75469
-1.04192
-2.34889
2.35702
-0.232435
8.85563
-1.34653
0.0428497
1.38659
-2.42649
0.488696
-0.119889
-3.00803
-1.02636
-0.384245
1.61904
-1.04732
-0.862837
-1.10712
1.10928
-5.66927
-0.602735
2.11411
0.30299
0.830845
-1.82948
1.91308
-1.57731
3.99383
-4.73338
-0.165659
-4.13867
1.37884
1.64476
0.270001
-6.07618
0.357775
1.0544
-0.413983
0.273994
-0.328291
-0.870459
-7.90858
-1.1296
0.539064
-1.20434
-0.345984
-0.0839943
-2.07033
-0.976708
0.352973
5.07274
-0.357276
-6.62141
-0.715573
1.14052
-0.121306
0.343627
-0.513255
0.838933
10.4573
-2.27418
0.435669
-0.87459
-1.90499
0.0628032
0.367037
-0.106251
0.0661599
0.315307
-0.0308392
1.61412
-0.525418
1.04347
-0.14103
-0.33388
0.280029
-1.27063
-0.14913
0.174109
1.2591
3.30832
1.07777
0.198679
-0.227939
-2.24442
0.220374
5.80136
-18.2569
-0.944572
-1.18693
0.897038
-1.07484
-2.64064
0.00595377
-4.63658
-1.13199
-1.09008
0.0145473
-2.2501
-0.887657
4.2058
-1.99571
3.43376
-0.280649
1.0006
-2.22086
3.10816
-12.2731
-1.69525
-0.382098
0.277535
-0.332815
3.92723
-19.1871
1.20527
-8.80124
4.24019
1.87384
-1.22112
-0.627661
-0.379929
1.56508
5.28628
1.88583
0.292022
2.16291
-0.324019
-2.14058
3.83838
-0.560919
-0.780361
-7.12549
0.436122
0.125187
-0.223944
0.227958
-0.356559
-0.407449
2.55187
0.45803
-0.27456
-0.484497
14.6201
-0.539222
-2.25165
-0.579396
-0.0279053
-6.97175
2.46491
-3.48609
2.54952
-0.251891
-0.868992
4.05727
4.00306
-0.861628
0.755352
3.42468
0.709223
0.856765
1.06654
-3.32755
5.74825
-1.00299
1.73341
2.4942
-0.559932
-0.32073
0.302536
0.270271
6.08359
0.647101
1.00629
-1.2851
0.570466
0.781978
-0.18236
-0.667665
-0.150964
-5.78594
-3.33401
-6.76678
-0.459282
-1.96922
-0.737987
0.579298
-1.40422
-0.896124
-1.48456
-0.0787125
0.287607
4.90523
-3.48819
-1.10613
-1.24447
-6.3217
0.239803
-14.009
-0.389921
0.472213
0.709397
0.0146958
0.612667
-8.63381
-1.29779
-0.241697
0.208766
47.6675
2.35794
14.9475
3.10049
-5.01313
-1.08571
0.183786
-1.64639
1.04544
71.7669
0.774041
11.9603
0.863205
-3.338
-1.88184
1.45628
-0.517257
9.02737
-1.28771
2.57019
-1.9245
6.80739
-10.6171
-0.173849
-0.65131
-0.107154
1.52482
-0.153081
1.05281
0.228628
-0.738061
0.358396
1.35082
0.813094
0.188271
1.6732
-2.40097
0.579543
0.187741
0.252316
-7.78147
-0.463284
0.643622
-0.376944
-2.03141
-0.922522
0.499005
5.39854
1.77778
0.243584
-6.76698
1.72954
-0.359005
0.730588
-236.292
-0.0908293
-2.20738
-1.89639
0.240423
-0.0515053
-0.500938
2.66033
-0.469575
-0.33864
0.344738
0.0504499
0.638743
-0.17892
-2.45169
-0.140039
-0.534166
-17.3451
0.226912
-0.818013
-0.51313
-1.49442
-3.50726
-1.14352
0.3149
-0.0760714
-0.208739
0.461006
2.63047
-0.0495403
-0.368566
-0.702316
0.175255
0.546767
-4.04155
-0.0443796
-0.592751
0.459898
-1.17586
-0.27195
0.995577
-1.90333
1.25059
-0.307395
-2.95256
4.73813
0.700864
0.72535
-6.87134
-281.091
5.28936
-5.99604
0.904909
-1.84297
-0.959478
0.637261
1.90213
0.453319
0.168743
2.61071
1.43664
5.27137
0.39617
0.684618
-2.51395
0.206488
-0.0552801
-0.932043
-3.34031
-0.640733
-0.424717
0.469885
0.242777
-0.309255
3.60165
1.19708
-0.400935
-4.90141
-10.0026
0.427149
-0.500102
-0.575287
0.00283469
1.38494
0.314638
-3.14812
0.289342
-0.53434
-0.209964
-0.750939
-1.32679
-2.63922
0.456001
1.12788
0.417656
0.250839
-0.0940718
3.26383
-2.11578
-0.172748
9.11154
67.0067
1.44763
1.10187
-0.977171
0.878645
0.111336
3.87465
0.700893
3.58457
0.947265
-0.692555
2.57973
-301.492
-0.193203
-0.656495
-0.719601
-0.424862
-0.48221
0.682662
1.83043
-0.289219
0.607678
0.634714
-1.71901
90.7733
3.02871
0.303952
-0.74562
0.475433
-0.0979877
-4.43279
-0.112781
5.70396
-4.82275
-8.67293
-1.61043
-0.521055
1.57956
2.17421
-1.94283
-21.0798
-0.883413
0.66373
-0.573405
1.2649
-0.405596
0.435996
-2.75547
1.09244
-0.0118522
0.672493
1.7378
35.9904
0.370295
-10.9286
-1.18164
-4.32056
-4.71326
-2.37918
-2.34449
-1.6263
-2.91377
-0.22779
0.000733795
-3.86185
7.89227
-71.469
0.115115
-1.93867
-0.591621
-0.569444
0.699904
0.708534
-1.76094
0.0412575
-1.76303
1.28556
-1.84527
-1.15765
-0.131841
0.0247454
-2.56443
0.291812
-0.903227
-0.897465
-0.0703884
0.816066
-28.8273
-0.339729
-0.297375
0.559541
0.269773
0.158022
2.02815
4.43035
0.955514
0.760729
-0.545277
-1.41575
0.78356
29.002
-0.953685
-2.5706
4.05205
6.1646
4.85334
-7.15858
2.42532
0.545494
3.07365
0.292961
2.47681
0.31681
3.86697
-5.50707
-0.90371
0.800645
-0.97451
1.72627
1.37124
1.95146
-0.39721
0.0206127
7.81498
-8.06618
0.160756
0.797396
0.727255
0.0305911
-0.425762
2.49597
0.152886
-0.921116
0.737028
-3.91094
-0.796714
-0.542464
-0.66355
2.29641
2.97748
2.89407
1.73463
-1.27916
-0.737978
-4.0589
-0.871703
0.50474
1.95979
0.955585
0.543665
26.2043
-0.0691496
1.94239
-8.15796
-2.38186
-0.48284
-2.25936
-15.8337
-3.05924
0.482024
-4.61221
-4.5704
-1.62363
-0.901072
-2.42059
29.4655
-0.136267
-1.86507
0.60308
-0.139469
1.84173
-2.28341
0.0197662
0.497974
9.13457
-0.218012
-1.61675
0.400967
0.119394
0.00610071
-5.00578
0.0580518
1.7669
-2.3566
-11.232
-0.614606
1.24089
-0.00137039
0.725466
-0.500414
-1.80799
0.625376
-1.98632
-4.77645
0.696323
0.645672
0.221213
-0.359612
0.247656
-0.294776
-0.171539
0.804098
3.10663
0.174301
0.835816
-0.316909
0.212598
0.189551
-4.71627e-05
0.748882
-0.288849
0.828963
-1.67467
-60.5022
4.21723
-3.58873
-1.5953
-25.6062
0.298195
0.437858
-1.33247
0.540846
0.47089
-2.75412
-0.233935
2.02021
-0.0126446
-1.61645
-0.757856
0.809528
0.575492
0.0527213
-0.501192
0.862224
1.28994
0.402749
0.888428
-0.517009
0.75889
0.413344
-1.14455
0.499105
1.7982
0.620295
1.16644
-0.757868
-1.27948
0.295983
4.14763
0.176686
2.39198
2.48505
-0.294031
19.6002
1.12391
-0.279835
0.320782
-0.14094
-1.58536
-0.186727
0.669854
5.83754
-1.12848
0.314864
-0.0788198
3.09686
-0.353632
0.487414
-4.30377
0.0120787
0.709392
-0.234338
3.5181
0.632497
-0.0429434
-2.31388
0.673973
-0.937941
6.22377
-3.23387
1.15557
-1.53263
-2.94006
5.82905
-0.141898
-0.0932596
0.0459519
0.308471
-0.592246
-2.0301
-1.56901
-2.30756
13.1161
-0.330688
-56.4941
0.421416
0.495956
-0.122478
1.04603
1.35212
1.39009
-0.137108
1.6867
1.00316
-1.08578
-0.968272
-1.99268
-3.07624
0.0232402
-0.777015
-1.37786
2.26636
1.91874
-0.857847
-1.65899
-1.41442
0.212507
0.182613
-1.37437
1.70567
0.715831
1.06647
1.359
0.315117
-0.0936211
9.52563
1.23525
0.0745234
0.256243
1.47602
-2.36944
-0.389737
-0.355488
2.53864
24.632
-0.882301
5.25241
1.30961
-0.207903
-0.356291
10.6271
-8.09638
0.67866
-0.382267
0.297415
-3.46675
0.0504529
-0.449855
-0.467443
1.31183
2.31466
-0.285854
-0.807358
-0.321359
-0.00880014
-1.44867
-2.90194
-0.322081
-3.5724
-3.73067
1.13537
1.34136
-0.25818
0.53034
1.62514
0.345613
-32.1273
0.841965
7.78948
-0.816194
0.150315
1.38394
0.652797
1.5781
-0.129187
0.129551
0.281877
-0.795317
0.798883
-0.31259
1.6674
-1.34014
18.3717
-0.700762
-0.586185
-0.202291
1.159
-1.40554
3.20307
-1.07342
-0.679239
-2.01853
-10.7606
3.25617
1.94046
-3.0138
6.81798
3.65179
-0.768855
0.916953
-0.627461
-1.35146
-0.963646
1.25384
0.285673
-0.574782
-2.66091
1.14309
4.19103
-0.274328
-2.07053
-1.76021
-33.0691
-0.490166
-0.907747
0.134416
0.190935
-1.58014
-0.0464524
-0.308456
-1.45735
-1.1458
1.81525
32.1124
-3.07799
1.69098
-1.08074
-2.53823
348.633
-0.0668686
0.542013
0.0566109
-0.407122
0.347159
-11.2302
-1.85131
-2.48244
0.631801
-1.81584
-11.1961
1.08648
-0.674001
-9.40861
0.752723
-2.36545
-0.846054
0.958437
-13.4151
1.04668
0.563333
-1.44059
-0.525119
0.273155
-0.698545
-21.8826
-1.00404
0.157174
-0.381337
-0.625583
12.5923
-0.63186
1.39153
-0.549964
4.31019
0.223421
-0.721473
1.62299
0.376122
0.579168
-4.49292
0.543812
-0.0598921
-0.472779
1.38019
73.3215
3.17449
-2.63037
0.94002
1.19067
2.67797
-1.41852
1.61308
-0.891261
9.63592
0.934707
2.67962
-26.6879
-2.26035
1.12107
-1.73512
-0.198907
2.37393
3.21755
-0.201601
-8.77993
-4.62515
2.7
-0.25371
-0.691026
-8.44619
-3.26213
1.80429
8.57308
-1.4124
-6.99434
-0.682719
-0.261398
4.77736
0.933362
-5.8394
0.164175
0.887285
-0.318441
1.336
3.55495
-1.44882
-1.06986
-0.0747405
0.767358
2.64226
-0.170204
0.382829
-2.2333
-3.60949
0.143021
-7.63721
-1.40847
-2.04911
0.236084
0.887781
0.293649
-0.696912
1.11865
-2.74057
-0.81771
-0.0674882
0.349863
1.87678
-3.96046
-2.79075
-3.83487
0.469295
1.60748
1.30974
1.5237
-0.732618
0.968181
-8.60234
0.417803
2.5908
-3.05479
57.441
0.784883
-2.36015
1.15836
0.047794
0.532327
0.383235
3.86892
3.69697
-0.0816303
0.0276716
0.126061
-0.0586315
-0.54081
-3.97101
0.380459
5.6844
0.78304
-0.74902
-1.78042
-45.5404
4.94309
1.60781
0.0872114
-3.46315
0.277677
-0.532963
0.668136
0.941377
0.168024
7.10905
0.221149
-2.44628
-1.90965
-0.630907
0.742388
0.407491
0.00245993
-0.980382
8.44127
-6.40795
-0.335224
-0.490139
-0.310767
-0.749484
0.561944
-0.148744
0.557865
0.168264
0.364647
0.390064
0.0375691
-0.155644
-26.9957
0.827002
1.41838
-0.90703
-0.181181
-0.987742
-0.0693091
-59.2026
3.40499
0.325584
-0.443455
-2.19841
0.776174
-8.21345
11.5663
-0.645269
-0.859402
0.546808
-1.17567
0.119918
0.428309
0.886353
0.116709
0.38013
0.224322
-41.2268
0.836261
5.19198
-1.0991
0.82587
16.8409
0.00428474
0.397415
-1.75565
-0.236218
-0.0186369
3.42328
0.4122
1.5146
-0.0494846
-2.96268
-0.419706
-0.885458
2.46521
-2.18473
-2.02535
-0.26283
-0.932204
1.1315
-0.946867
-1.25201
-0.159008
2.89181
0.470259
0.341843
-3.02444
-9.88327
1.13725
-0.524647
-5.17922
1.49228
2.38825
-0.70951
2.557
8.151
0.43448
-0.11991
-1.04618
0.0644545
-0.433686
0.553605
1.01366
0.0543887
33.4771
-1.50588
-0.475526
-2.31559
1.92716
1.68357
-11.8936
18.4634
-6.92313
1.00248
0.949873
0.895713
0.407701
32.0851
-1.09297
-20.8419
-0.815463
-1.21911
-0.309681
-1.3743
0.244028
5.23159
-0.949136
3.91347
0.511339
0.592898
-1.51246
-4.80046
-29.3029
0.137871
-3.55101
-1.87278
-1.03597
-0.857945
-0.498106
-5.5464
-0.395605
1.94037
-2.14315
-1.01565
-0.928703
-4.90454
1.5319
0.646064
-1.82758
-0.895354
3.81248
0.687179
0.405854
-0.245841
2.71589
0.40077
-10.329
1.45496
3.75706
-19.5027
0.689702
10.0509
0.485444
1.28245
1.68938
-0.589191
0.0613722
-17.9087
2.48546
-6.57183
0.569764
1.05104
-2.13908
0.172688
-0.782312
0.0930513
1.33338
1.98395
0.858378
-0.94785
-0.740937
-9.1872
7.6846
0.721686
0.193798
-1.28013
-10.6169
-0.753452
1.68414
0.0269104
0.682267
-3.56216
2.14759
0.643528
3.54491
22.5395
0.330054
2.7691
-0.0592306
3.8586
1.52374
1.74564
-1.4948
-5.12585
0.35768
-0.130475
1.58602
-1.10639
-0.785894
-0.652948
-0.0766257
0.903794
-0.422801
1.51694
-1.31407
-0.953262
-0.413192
-2.7687
-0.404142
0.173839
1.64023
0.0247912
2.39064
0.933741
0.0382666
2.62283
-1.26501
-0.0291542
-0.582557
0.72859
-5.56854
-1.30535
0.763446
-18.1767
-0.981474
0.0450957
-2.69431
0.107938
0.254611
0.289657
0.0597079
-1.41126
0.0648929
-1.72666
-0.197385
0.893974
0.762348
-0.71792
0.224935
-2.22723
0.141371
-0.378503
1.14822
44.5909
-0.109417
-3.14068
-1.56226
0.000820401
-3.49198
0.262234
0.114393
3.01961
-1.0117
1.37299
1.07189
0.866488
-0.521325
0.119258
-6.82109
-2.52077
1.91303
5.81533
-0.10259
1.56531
-0.0507152
1.27114
-0.998661
-0.604546
-1.80968
0.238494
-4.42207
0.53736
-15.2334
1.27204
-1.50102
-0.9966
0.229583
-0.176192
0.439337
2.81206
-0.132521
-1.78116
-0.649948
1.73132
-3.54365
2.59759
0.186501
-0.0893112
-1.95542
2.6651
-2.24652
0.273106
-0.705795
-0.353235
1.54148
1.13518
-4.60993
-0.106033
0.487085
-0.792131
-0.782886
1.44394
-3.38789
-11.4193
-0.0726718
-0.724325
-0.100953
11.2028
-0.086733
0.510155
0.592766
-0.566838
-1.49944
-0.326194
4.38362
-1.48631
0.377875
-1.29
-3.837
-0.266377
0.708114
1.67728
2.18054
2.34232
0.901569
-0.409578
-1.60995
5.69526
3.48357
-3.8067
0.390216
0.753643
-0.0115421
-23.1222
1.35881
-1.83265
-1.12233
-4.10462
-1.16373
-32.5399
0.0411781
-1.93849
4.41396
0.657717
0.897213
-76.4554
-2.56615
0.516349
-0.61161
-0.32085
2.28078
1.46547
-2.1968
-0.959243
0.34137
0.5897
-0.0353533
10.2578
5.70164
-1.1701
0.983832
-0.0919437
0.0495197
-0.2279
0.176075
-0.562125
-0.780545
0.106311
-0.117452
0.0411228
0.141769
3.01272
4.99886
11.9957
-3.5576
-0.887619
-0.410297
-1.70262
0.0184742
-1.15899
-2.3028
0.762952
-2.41319
0.435303
8.59591
-1.79464
2.37058
0.573847
-0.0448626
-2.80594
0.048379
1.25373
0.41936
1.43851
-0.613157
-19.6961
46.8655
-0.00646734
-2.45321
2.59628
-2.58461
-1.38934
5.31558
-0.501015
-1.35236
0.0784937
-0.403891
-0.218416
39.8171
0.41436
-0.254265
0.0115472
-0.221721
-1.57846
1.73253
-3.6675
0.669439
0.284771
2.08084
-2.64828
15.9294
-33.5512
0.286858
-5.16383
1.22802
-1.57867
-0.499949
0.201653
-0.81622
-0.831862
-1.29922
-3.08749
-0.392587
0.287799
-0.950505
0.0267774
0.632092
0.82064
-0.275328
-0.468327
-186.034
-0.700718
-1.00733
-0.0245184
-5.81008
-1.57194
-0.924753
-51.171
-0.871727
0.0463929
-0.979397
0.0633114
-0.936178
-1.50042
-2.77677
0.975575
-0.994036
-2.46542
1.914
-5.96083
0.430807
-23.6756
-16.0871
-0.0574261
-0.725488
0.26659
0.203114
-5.65699
4.35523
0.218407
2.64591
-0.187895
0.627097
2.30387
-0.7069
0.695252
0.441777
-0.116177
0.588166
-0.557784
-2.37611
-1.19822
5.77687
-0.430887
-2.67159
-1.34558
-0.48384
-53.7312
-0.569825
-6.47332
0.840239
-4.85391e-05
0.374523
-53.8158
0.433493
-26.6539
-1.40684
-0.943385
1.63092
2.74193
38.2828
0.0903306
11.9372
-1.16444
-1.00421
0.45088
0.224243
-0.0727764
2.54162
-2.35906
29.6711
-0.0232288
-0.39048
0.758915
2.60399
2.1781
-3.10795
90.5799
6.87602
-0.315924
-3.89648
1.34104
2.74183
0.794559
-41.4005
-0.362792
-0.0386415
-1.41652
0.76835
0.477326
0.297119
-0.892817
-0.0156588
-1.41039
26.0041
4.48375
0.891174
1.14659
-1.46049
-3.16336
0.199279
0.23318
0.253277
-27.7528
0.0860406
0.485703
-0.684803
-0.414925
0.984969
1.43376
0.251391
-1.19884
2.89438
-5.54519
-1.27915
-0.695929
8.16699
-1.28558
5.53129
1.49571
-3.86893
0.0389912
-4.65321
0.112948
-0.587957
1.53992
-1.06584
0.195616
1.11304
-0.683132
4.87391
1.00742
-0.545577
0.136019
5.80437
2.32151
-0.771648
-0.919782
-5.0892
-0.0551999
0.253687
-1.2648
0.707821
2.94354
-0.168744
0.67365
106.613
-3.0385
-0.00527964
-6.87338
-2.6658
-0.121442
-7.0667
-4.98256
-5.0822
-1.34991
0.740777
0.667372
0.351248
0.554383
3.37749
-3.59643
1.25416
-1.01306
-3.00719
2.94754
3.0232
-0.234425
-1.97651
-2.90698
0.277445
-0.681483
-7.30173
0.743502
-0.29287
1.27285
1.78136
-1.63945
0.126731
-0.855407
0.636867
0.346819
-1.12035
0.112654
-1.25974
0.294913
-0.137807
-44.0993
1.33519
0.868104
-1.00309
0.501405
-0.278353
6.75155
-0.0208927
-0.893036
7.91323
1.90878
-1.36602
-2.71427
-2.94379
-1.23379
-0.558911
1.91433
-0.435772
2.29087
4.08391
-1.87035
0.204156
1.82894
-39.6992
11.8646
-0.426464
-3.59895
3.97212
0.325046
-1.96433
-0.253332
1.43269
-3.13653
2.82663
-0.671312
0.599543
2.54278
1.47302
1.0368
0.40705
1.0522
-0.511042
-0.295745
1.23161
5623.1
0.765334
0.275709
2.9055
1.76407
-0.0583912
-0.755866
-1.0736
-0.307624
0.515596
0.298159
-0.0840904
1.73356
-0.160416
0.372503
0.185805
-0.296938
0.0711054
-11.7336
-0.11393
-0.807125
0.566539
-2.83551
1.75026
-0.0611146
-1.12106
0.0923865
-1.27118
-1.74445
-5.0027
1.22648
2.0462
1.3574
-0.461674
0.402591
2.49056
3.07896
-23.8166
-0.862405
-0.404897
2.93922
-0.777996
-40.2008
1.19762
-1.71362
0.727045
-0.534395
-6.23995
6.49569
-0.691011
-0.980673
1.6462
-0.804506
-0.807545
-1.10895
-3.66179
0.432721
0.242239
0.859176
0.0513153
-0.530047
-4.01334
-0.417171
0.0268702
-3.08658
-1.43221
-0.409091
1.43042
3.15154
-0.636377
-2.02176
0.949843
-0.847889
0.643622
-0.217825
0.474214
-0.727379
0.592403
-0.0721889
1.27844
103.809
-1.09033
-0.662558
3.25469
-1.09782
0.522815
-0.845585
5.0847
-0.820566
-5.01248
0.369424
1.50401
2.01424
0.145308
-0.765179
-2.01897
110.404
-0.542409
-0.133713
-0.291824
1.17114
0.19721
0.739513
-0.783152
-0.18599
0.116095
17.324
-0.243569
1.03349
-0.578345
0.149008
19.8636
-0.599496
0.612355
-0.600241
1.18717
-0.243682
1.28754
0.422157
-0.0954416
3.56851
0.16378
-0.0528914
-6.4322
-0.393674
0.875288
0.649708
-2.95228
3.05584
0.0565969
-0.475525
-0.548523
1.0329
-1.35619
0.91905
4.15077
0.757422
1.55978
-0.305924
0.206894
0.430921
-0.475666
-6.24545
0.190609
-0.963279
7.17508
-0.818753
-11.7808
-0.884842
-0.492498
11.0591
1.81698
2.16825
8.48606
0.041198
-3.17497
-1.58402
-36.0944
0.974907
1.58129
-165.111
-0.867884
-0.430753
-1.67806
0.584624
-0.973754
-4.76392
-0.500505
0.136357
-5.74233
-1.96737
6.54721
-3.20251
-1.00381
0.192785
-1.75252
1.92955
-0.987796
-0.26333
10.4385
-0.75974
0.358643
1.38476
26.1654
-6.11808
1.46687
5.234
-2.84797
-1.06995
2.83234
-3.76664
-0.69072
0.11925
-1.0291
-1.43262
3.00668
1.66213
-0.496468
1.18683
-2.97838
-1.74794
0.364926
0.365902
3.06629
-0.412845
1.60456
-0.0700374
1.15729
-1.62614
0.364897
-0.549032
-0.443025
-0.16739
-1.07601
-5.2765
-0.374419
-0.464588
0.198577
-0.659372
-0.184218
-0.652887
-1.13498
-1.43159
-1.38287
-1.43012
1.91282
-3.10414
-0.39792
-2.48227
-0.969964
-1.44707
-0.644847
-1.16091
0.319486
-0.715732
-0.986105
2.0121
-0.421579
0.831649
-1.38427
-25.8076
0.093792
0.504882
-1.10597
3.59519
-0.0945286
-0.633046
0.262138
-0.386056
-0.525687
-0.628762
7.64913
0.297752
-460.361
-0.680148
0.760798
-1.33956
-0.374037
0.501117
-0.569375
-1.29557
0.188246
11.9387
-1.40794
1.85112
0.550065
-1.19703
-0.321952
-1.35392
44.9187
24.0499
0.0392269
-2.8809
0.44242
-0.631065
0.487503
1.6548
-0.336573
-0.225285
-2.29172
0.910103
1.0995
0.352623
-4.16159
0.0882954
-3.80411
2.3448
0.111974
1.52801
-1.34375
0.345412
3.14506
0.562698
0.0357883
0.744064
5.78965
0.150848
3.76562
-11.8253
0.631306
-3.00515
0.547345
-4.1158
1.5476
2.65419
1.69944
-0.159287
-1031.35
-0.859003
0.247531
-2.01449
-0.186281
-1.51287
-4.4182
-0.970786
6.14283
0.1672
1.7973
1.10654
-0.163553
-1.03646
-0.225746
2.38496
0.144161
-0.843549
-0.286082
1.20629
-2.45011
-0.231771
88.9153
3.18338
0.203849
-0.525479
0.640969
0.0125613
-21.2966
-0.712299
-0.287517
1.81759
0.145158
-23.2758
-1.13129
1.06771
1.64036
-0.172064
0.019655
3.83322
-1.43628
6.18451
-0.34612
-0.658639
-5.25902
0.431337
-0.182683
1.24211
-0.138219
-0.0683771
-0.604064
-2.62175
1.94761
0.0957486
-3.37226
0.321423
-1.29908
2.05894
-2.02722
-0.746812
-13.0695
0.341775
16.7926
-2.21381
-2.11439
-0.644307
0.552958
0.777646
0.234115
0.595921
3.79576
-2.0498
-3.56941
-2.15106
0.760629
4.32623
-0.207173
1.39751
0.578307
-1.81978
1.57928
-3.30038
-1.18229
-0.09085
-1.65117
-1.36918
1.24487
-0.722545
0.227727
-0.489065
-2.56777
1.23645
0.127308
2.13424
-0.39934
4.78107
-0.863641
-2.79939
-6.7289
-0.770075
-0.686914
0.387539
0.913786
-0.509585
0.830031
-2.67425
3.45723
-1.03856
-2.36839
-0.529469
2.01237
2.51158
2.72822
0.142402
2.18382
0.167163
-0.739636
-0.289284
0.664546
-4.04944
0.304745
5.68439
-4.01355
0.290699
-1.08464
4.41285
-23.2158
-0.614541
-0.303284
1.07128
0.320187
-7.83285
-1.12433
-0.610677
-0.0733716
-0.820711
-1.41172
0.663577
0.145641
0.866557
0.639042
-0.689916
0.399565
-0.630987
-0.589695
0.385657
-0.63751
-1.48417
-1.09782
0.407136
8.11797
-2.86906
0.326808
-1.98692
-4.98081
-1.07456
0.0846778
1.55921
0.133131
0.676555
0.984979
1.86214
40.403
0.131807
0.34703
-0.055231
-0.249051
-1.3119
0.0302401
-2.1616
-1.14981
-0.392455
-4.97919
-1.16186
2.36496
7.11786
-0.140393
0.659185
0.412173
-4.87033
2.79565
0.274844
-0.622949
1.86611
0.340532
0.0797422
0.187132
1.10983
0.396216
0.0393961
-7.70954
-10.1567
0.400899
0.440916
-0.806664
1.8891
0.140215
-0.071553
3.45912
-0.729852
1.35117
-1.8928
0.0360502
-1.78034
5.9265
0.226006
-1.38038
1.51517
0.275005
1.40976
-2.61256
-0.89634
2.69083
0.219876
-0.17205
125.63
-0.185762
1.33667
0.0122283
-0.08786
0.752018
8.19188
-0.878639
3.32652
8.38115
-34.1054
16.7501
0.546576
-1.69779
0.671034
0.984777
-1.02297
0.398735
-3.74285
-0.835198
-0.61998
-2.51525
0.665174
2.16461
-19.9952
1.60913
0.211604
22.8818
-2.60206
-0.999208
-0.489446
-0.268359
-0.781728
-0.126855
-0.162137
3.00054
-0.588844
1.9983
-1.4531
-0.199558
0.464497
-0.446075
0.235378
-1.06974
-0.1169
1.1242
-0.364478
1.30248
-2.66747
0.500554
7.15463
20.7476
0.517666
0.402241
-3.41648
-0.237428
1.18202
0.190219
-19.8755
-0.900233
0.00937919
0.87021
19.2148
1.14271
-4.18804
-1.95191
-5.84035
1.32976
-1.77349
-0.614481
-2.11993
0.4326
15.5862
-0.844388
8.32573
2.56905
-2.34405
-2.44917
-0.0599234
-4.67191
1.71307
0.617462
-0.615919
0.147752
-0.598997
0.340835
-0.338338
-0.735857
1.05708
-0.504785
-1.82701
1.18427
0.248705
0.353996
-1.50194
0.221513
1.02862
0.667408
-0.407638
-0.936049
0.792686
-20.7596
7.3616
0.225454
0.30045
0.938229
0.134797
1.16592
4.51109
2.20765
-0.111298
1.23248
1.27872
0.157847
-0.311528
-0.902405
-4.17167
-0.175766
1.12935
-0.997336
0.908157
8.71767
-3.01465
0.160255
1.92351
-3.2867
-15.5627
-0.184885
-1.38401
-0.130382
-2.65013
-25.7065
1.05099
2.79963
-22.2701
7.44176
-1.39337
0.571824
1.74613
0.641556
-0.644228
-0.821251
-2.63848
2.64487
-0.341471
1.53614
0.789842
-1.28727
-0.194165
-0.050357
0.104413
-0.618177
-0.540298
2.21632
0.853251
-0.18709
-0.353141
-0.597065
-1.51389
-0.379521
-0.275963
-4.28544
1.54412
1.09563
5.39502
0.560557
0.995075
0.0106476
2.31137
0.218792
0.756233
-0.568586
-0.409595
-1.00219
-0.662694
0.548263
0.351133
1.48345
0.259311
-8.34755
1.27043
0.779474
3.63236
-7.38417
0.317226
1.38012
0.118391
-0.44451
0.867459
-0.504146
-0.14943
11.381
0.159662
1.48916
0.123734
-2.45694
0.637875
0.844464
-1.98182
-0.12524
-1.26783
0.472639
1.04907
7.67317
-1.77675
2.14817
0.655852
-0.596342
-17.6239
-0.153189
1.07278
3.50495
-0.671141
-0.304326
-1.43141
0.0901642
-1.56445
3.39183
1.55202
0.331951
0.834544
9.42889
3.67195
5.38358
0.283928
-0.241563
1.78193
-1.67684
0.18301
-37.6286
-1.25813
1.38782
-2.84229
-0.808722
-0.473194
-0.627908
0.402563
1.96171
-0.0023035
2.85177
0.180017
0.801551
0.317603
-0.098468
2.78058
-0.131753
0.55481
-0.0173152
-0.308593
-0.266048
0.411636
-0.720249
